0.01	1.99026	3.99022	3.99022	5.99514	5.98018	5.99498	7.99254	7.98846	7.98881	9.993	9.98323	9.99294	
0.015	1.98557	3.9855	3.9855	5.99023	5.97504	5.99019	7.97787	7.98914	7.98896	9.989	9.97481	9.98896	
0.02	1.981	3.98088	3.98088	5.98659	5.96812	5.98657	7.96876	7.98533	7.98522	9.98523	9.96621	9.98521	
0.025	1.97655	3.97637	3.97637	5.98315	5.96075	5.98313	7.96007	7.98199	7.98191	9.98126	9.95721	9.98125	
0.03	1.97221	3.97195	3.97195	5.97981	5.95333	5.9798	7.95173	7.97843	7.97838	9.97717	9.94792	9.97717	
0.035	1.96797	3.96764	3.96764	5.97652	5.94597	5.97651	7.94342	7.97503	7.975	9.97296	9.93851	9.97295	
0.04	1.96384	3.96343	3.96343	5.97335	5.9387	5.97334	7.93495	7.9714	7.97138	9.96878	9.92861	9.96878	
0.045	1.95981	3.95931	3.95931	5.97021	5.93148	5.9702	7.9265	7.96784	7.96782	9.96442	9.91859	9.96442	
0.05	1.95588	3.95529	3.95529	5.96713	5.92436	5.96712	7.91813	7.96437	7.96435	9.95996	9.90817	9.95996	
0.055	1.95203	3.95136	3.95136	5.96412	5.91729	5.96412	7.9098	7.96077	7.96075	9.95541	9.89747	9.95541	
0.06	1.94828	3.94752	3.94752	5.96115	5.91034	5.96115	7.90138	7.95734	7.95733	9.95074	9.88653	9.95074	
0.065	1.94462	3.94377	3.94377	5.95825	5.90347	5.95825	7.89296	7.95385	7.95384	9.94598	9.87521	9.94598	
0.07	1.94105	3.9401	3.9401	5.95541	5.8967	5.95541	7.88465	7.95039	7.95038	9.94113	9.86362	9.94113	
0.075	1.93755	3.93652	3.93652	5.95263	5.89001	5.95263	7.87617	7.94701	7.94701	9.93618	9.85165	9.93618	
0.08	1.93414	3.93302	3.93302	5.94991	5.88341	5.94991	7.86775	7.94362	7.94362	9.93113	9.83933	9.93113	
0.085	1.9308	3.9296	3.9296	5.94725	5.87691	5.94725	7.85938	7.94029	7.94028	9.926	9.82666	9.926	
0.09	1.92754	3.92625	3.92625	5.94465	5.87048	5.94465	7.85091	7.93706	7.93705	9.92078	9.81359	9.92078	
0.095	1.92435	3.92299	3.92299	5.94212	5.86417	5.94212	7.84257	7.93378	7.93378	9.91549	9.80018	9.91549	
0.1	1.92123	3.91979	3.91979	5.93964	5.85794	5.93964	7.83416	7.93063	7.93063	9.9101	9.78633	9.9101	
0.105	1.91818	3.91667	3.91667	5.93722	5.8518	5.93722	7.82583	7.9275	7.9275	9.90465	9.77207	9.90465	
0.11	1.9152	3.91362	3.91362	5.93487	5.84576	5.93487	7.81742	7.92445	7.92445	9.89914	9.75738	9.89914	
0.115	1.91228	3.91064	3.91064	5.93258	5.8398	5.93257	7.80914	7.9215	7.9215	9.89357	9.74223	9.89357	
0.12	1.90942	3.90772	3.90772	5.93034	5.83393	5.93034	7.80087	7.91857	7.91857	9.88796	9.72662	9.88796	
0.125	1.90663	3.90487	3.90487	5.92816	5.82815	5.92816	7.79261	7.91574	7.91574	9.8823	9.7105	9.8823	
0.13	1.90389	3.90208	3.90208	5.92604	5.82247	5.92604	7.78437	7.91298	7.91298	9.8766	9.69387	9.8766	
0.135	1.90121	3.89935	3.89935	5.92398	5.81686	5.92398	7.7762	7.91027	7.91027	9.8709	9.67674	9.8709	
0.14	1.89858	3.89668	3.89668	5.92198	5.81134	5.92197	7.76803	7.90765	7.90765	9.86519	9.65904	9.86519	
0.145	1.89601	3.89407	3.89407	5.92002	5.80591	5.92002	7.75992	7.90513	7.90513	9.85949	9.64076	9.85949	
0.15	1.8935	3.89152	3.89152	5.91813	5.80056	5.91813	7.75182	7.90267	7.90267	9.85381	9.62187	9.85381	
0.155	1.89103	3.88902	3.88902	5.91629	5.79529	5.91629	7.74379	7.9003	7.90029	9.84816	9.60234	9.84816	
0.16	1.88861	3.88658	3.88658	5.9145	5.79011	5.9145	7.73581	7.89802	7.89802	9.84257	9.58214	9.84257	
0.165	1.88624	3.88419	3.88419	5.91276	5.785	5.91276	7.72787	7.89583	7.89583	9.83705	9.56124	9.83705	
0.17	1.88392	3.88185	3.88185	5.91107	5.77998	5.91107	7.72	7.89371	7.89371	9.83162	9.53959	9.83162	
0.175	1.88164	3.87956	3.87956	5.9095	5.77489	5.9095	7.71233	7.89164	7.89164	9.8263	9.51716	9.8263	
0.18	1.87941	3.87731	3.87731	5.90791	5.77003	5.90791	7.70457	7.88973	7.88973	9.8211	9.49389	9.8211	
0.185	1.87722	3.87512	3.87512	5.90636	5.76524	5.90636	7.69692	7.88791	7.88791	9.81606	9.46975	9.81606	
0.19	1.87507	3.87297	3.87297	5.90486	5.76052	5.90486	7.68932	7.8862	7.8862	9.81118	9.44466	9.81118	
0.195	1.87297	3.87086	3.87086	5.90341	5.75589	5.90341	7.68182	7.88461	7.8846	9.8065	9.41857	9.8065	
0.2	1.8709	3.8688	3.8688	5.902	5.75132	5.902	7.67444	7.88313	7.88313	9.80204	9.3914	9.80204	
0.205	1.86887	3.86678	3.86678	5.90064	5.74682	5.90064	7.6672	7.88179	7.88179	9.79782	9.36306	9.79782	
0.21	1.86688	3.8648	3.8648	5.89931	5.74239	5.89931	7.66012	7.8806	7.8806	9.79385	9.33346	9.79385	
0.215	1.86493	3.86286	3.86286	5.89803	5.73803	5.89803	7.65328	7.87959	7.87958	9.79017	9.3025	9.79017	
0.22	1.86301	3.86096	3.86096	5.89679	5.73374	5.89679	7.64664	7.87876	7.87876	9.78679	9.27003	9.78679	
0.225	1.86112	3.85909	3.85909	5.89559	5.72951	5.89559	7.64031	7.87816	7.87816	9.78374	9.2359	9.78374	
0.23	1.85927	3.85727	3.85727	5.89443	5.72534	5.89443	7.63435	7.87782	7.87782	9.78103	9.19995	9.78103	
0.235	1.85746	3.85548	3.85548	5.8933	5.72125	5.8933	7.62887	7.87779	7.87779	9.77868	9.16193	9.77868	
0.24	1.85567	3.85372	3.85372	5.89221	5.71721	5.89221	7.624	7.87813	7.87813	9.77671	9.12158	9.77671	
0.245	1.85392	3.852	3.852	5.89115	5.71323	5.89115	7.61987	7.87894	7.87893	9.77514	9.07854	9.77514	
0.25	1.85219	3.85031	3.85031	5.89013	5.70931	5.89013	7.61672	7.8803	7.88029	9.77397	9.03235	9.77397	
0.255	1.8505	3.84866	3.84866	5.88914	5.70545	5.88914	7.61484	7.88236	7.88236	9.77323	8.98243	9.77323	
0.26	1.84884	3.84703	3.84703	5.88818	5.70165	5.88818	7.61465	7.88533	7.88533	9.77292	8.92794	9.77292	
0.265	1.8472	3.84544	3.84544	5.88725	5.69791	5.88725	7.61682	7.88948	7.88948	9.77305	8.86765	9.77305	
0.27	1.84559	3.84387	3.84387	5.88635	5.69421	5.88635	7.62234	7.89526	7.89526	9.77362	8.79964	9.77362	
0.275	1.84401	3.84234	3.84234	5.88548	5.69057	5.88548	7.63301	7.90343	7.90343	9.77465	8.72061	9.77465	
0.28	1.84246	3.84083	3.84083	5.88463	5.68697	5.88463	7.65263	7.91545	7.91545	9.77614	8.62384	9.77614	
0.285	1.84093	3.83935	3.83935	5.8838	5.68342	5.8838	7.69224	7.93519	7.93519	9.77808	8.49055	9.77808	
0.29	1.83942	3.8379	3.8379	5.883	5.67991	5.883	7.88308	8.11586	7.8831	9.78048	8.11587	9.78048	
0.295	1.83794	3.83648	3.83648	5.8822	5.67644	5.8822	7.73395	8.23684	7.73395	9.78334	8.23684	9.78334	
0.3	1.83649	3.83508	3.83508	5.88142	5.67299	5.88142	7.67934	8.26277	7.67934	9.78665	8.26277	9.78665	
0.305	1.83506	3.8337	3.8337	5.88065	5.66957	5.88065	7.63789	8.27504	7.63789	9.79041	8.27504	9.79041	
0.31	1.83365	3.83235	3.83235	5.87988	5.66616	5.87988	7.60198	8.28127	7.60198	9.79461	8.28127	9.79461	
0.315	1.83226	3.83102	3.83102	5.8791	5.66276	5.8791	7.56901	8.28411	7.56901	9.79925	8.28411	9.79925	
0.32	1.83089	3.82972	3.82972	5.8783	5.65934	5.8783	7.53776	8.28478	7.53776	9.80432	8.28478	9.80432	
0.325	1.82955	3.82844	3.82844	5.87747	5.65589	5.87747	7.50757	8.28398	7.50757	9.80982	8.28398	9.80982	
0.33	1.82823	3.82718	3.82718	5.87661	5.65239	5.87661	7.47805	8.28212	7.47805	9.81573	8.28212	9.81573	
0.335	1.82692	3.82595	3.82595	5.87568	5.64882	5.87568	7.44896	8.27949	7.44896	9.82205	8.27949	9.82205	
0.34	1.82564	3.82473	3.82473	5.87468	5.64514	5.87468	7.42015	8.27628	7.42015	9.82877	8.27628	9.82877	
0.345	1.82438	3.82353	3.82353	5.87358	5.64133	5.87358	7.39152	8.27264	7.39152	9.83588	8.27264	9.83588	
0.35	1.82313	3.82236	3.82236	5.87235	5.63733	5.87235	7.36303	8.26867	7.36303	9.84336	8.26867	9.84336	
0.355	1.82191	3.8212	3.8212	5.87096	5.6331	5.87096	7.33465	8.26446	7.33465	9.85122	8.26446	9.85122	
0.36	1.8207	3.82007	3.82007	5.86938	5.62859	5.86938	7.3064	8.26007	7.3064	9.85943	8.26007	9.85943	
0.365	1.81951	3.81895	3.81895	5.86757	5.62374	5.86757	7.27829	8.25556	7.27829	9.868	8.25556	9.868	
0.37	1.81834	3.81785	3.81785	5.86548	5.61847	5.86548	7.25038	8.25097	7.25038	9.87691	8.25097	9.87691	
0.375	1.81718	3.81677	3.81677	5.86307	5.61272	5.86306	7.22272	8.24633	7.22272	9.88615	8.24633	9.88615	
0.38	1.81605	3.81571	3.81571	5.86028	5.60642	5.86028	7.19538	8.24168	7.19538	9.89572	8.24168	9.89572	
0.385	1.81492	3.81466	3.81466	5.85707	5.59949	5.85707	7.16843	8.23704	7.16843	9.90559	8.23704	9.90559	
0.39	1.81382	3.81363	3.81363	5.85339	5.59186	5.85339	7.14194	8.23242	7.14194	9.91578	8.23242	9.91578	
0.395	1.81273	3.81262	3.81262	5.84919	5.58346	5.84919	7.116	8.22785	7.116	9.92625	8.22785	9.92625	
0.4	1.81165	3.81163	3.81163	5.84442	5.57423	5.84442	7.09065	8.22334	7.09065	9.93702	8.22334	9.93702	
0.405	1.81059	3.81065	3.81065	5.83905	5.56412	5.83905	7.06597	8.21891	7.06597	9.94806	8.21891	9.94806	
0.41	1.80955	3.80969	3.80969	5.83306	5.5531	5.83306	7.042	8.21456	7.042	9.95938	8.21456	9.95938	
0.415	1.80852	3.80874	3.80874	5.8264	5.54114	5.8264	7.01878	8.2103	7.01878	9.97095	8.2103	9.97095	
0.42	1.8075	3.80781	3.80781	5.81909	5.52823	5.81908	6.99632	8.20614	6.99632	9.98278	8.20614	9.98278	
0.425	1.8065	3.8069	3.8069	5.8111	5.51437	5.8111	6.97462	8.20209	6.97462	9.99486	8.20209	9.99486	
0.43	1.80551	3.806	3.806	5.80244	5.49956	5.80244	6.95369	8.19814	6.95369	10.0072	8.19814	10.0072	
0.435	1.80453	3.80512	3.80512	5.79313	5.48384	5.79313	6.9335	8.19432	6.9335	10.0197	8.19432	10.0197	
0.44	1.80357	3.80426	3.80426	5.78319	5.46722	5.78319	6.91403	8.19061	6.91403	10.0325	8.19061	10.0325	
0.445	1.80262	3.80341	3.80341	5.77263	5.44973	5.77263	6.89525	8.18702	6.89525	10.0455	8.18702	10.0455	
0.45	1.80168	3.80259	3.80259	5.76148	5.4314	5.76148	6.87711	8.18355	6.87711	10.0587	8.18355	10.0587	
0.455	1.80076	3.80178	3.80178	5.74977	5.41225	5.74977	6.85958	8.18021	6.85958	10.0722	8.18021	10.0722	
0.46	1.79984	3.80099	3.80099	5.73754	5.39231	5.73754	6.84262	8.17699	6.84262	10.0858	8.17699	10.0858	
0.465	1.79894	3.80023	3.80023	5.72481	5.37162	5.72481	6.82618	8.1739	6.82618	10.0996	8.1739	10.0996	
0.47	1.79805	3.79949	3.79949	5.71162	5.35018	5.71162	6.81023	8.17093	6.81023	10.1136	8.17093	10.1136	
0.475	1.79717	3.79878	3.79878	5.69799	5.32803	5.69799	6.79473	8.16809	6.79473	10.1278	8.16809	10.1278	
0.48	1.79631	3.7981	3.7981	5.68396	5.30517	5.68396	6.77965	8.16537	6.77965	10.1422	8.16537	10.1422	
0.485	1.79545	3.79745	3.79745	5.66956	5.28161	5.66956	6.76494	8.16277	6.76494	10.1567	8.16277	10.1567	
0.49	1.79461	3.79684	3.79684	5.65482	5.25736	5.65482	6.75059	8.1603	6.75059	10.1715	8.1603	10.1715	
0.495	1.79377	3.79628	3.79628	5.63976	5.23243	5.63976	6.73657	8.15794	6.73657	10.1864	8.15794	10.1864	
0.5	1.79295	3.79576	3.79576	5.62442	5.20681	5.62442	6.72284	8.15571	6.72284	10.2014	8.15571	10.2014	
0.505	1.79213	3.7953	3.7953	5.6088	5.18049	5.6088	6.70938	8.1536	6.70938	10.2166	8.1536	10.2166	
0.51	1.79133	3.7949	3.7949	5.59295	5.15347	5.59295	6.69618	8.1516	6.69618	10.232	8.1516	10.232	
0.515	1.79053	3.79458	3.79458	5.57688	5.12573	5.57688	6.68322	8.14972	6.68322	10.2475	8.14972	10.2475	
0.52	1.78975	3.79435	3.79435	5.56061	5.09724	5.56061	6.67047	8.14795	6.67047	10.2631	8.14795	10.2631	
0.525	1.78897	3.79421	3.79421	5.54416	5.06799	5.54416	6.65793	8.14629	6.65793	10.2789	8.14629	10.2789	
0.53	1.78821	3.7942	3.7942	5.52755	5.03793	5.52755	6.64557	8.14474	6.64557	10.2949	8.14474	10.2949	
0.535	1.78745	3.79432	3.79432	5.51081	5.00703	5.51081	6.6334	8.1433	6.6334	10.3109	8.1433	10.3109	
0.54	1.7867	3.79461	3.79461	5.49394	4.97523	5.49394	6.62138	8.14197	6.62138	10.3271	8.14197	10.3271	
0.545	1.78596	3.7951	3.7951	5.47696	4.94248	5.47696	6.60952	8.14074	6.60952	10.3435	8.14074	10.3435	
0.55	1.78523	3.79581	3.79581	5.45989	4.90871	5.45989	6.59781	8.13961	6.59781	10.3599	8.13961	10.3599	
0.555	1.78451	3.79679	3.79679	5.44274	4.87383	5.44274	6.58623	8.13859	6.58623	10.3765	8.13859	10.3765	
0.56	1.7838	3.7981	3.7981	5.42552	4.83772	5.42552	6.57478	8.13766	6.57478	10.3932	8.13766	10.3932	
0.565	1.78309	3.79981	3.79981	5.40825	4.80025	5.40825	6.56345	8.13683	6.56345	10.41	8.13683	10.41	
0.57	1.7824	3.80199	3.80199	5.39094	4.76126	5.39094	6.55224	8.1361	6.55224	10.4269	8.1361	10.4269	
0.575	1.78171	3.80475	3.80475	5.3736	4.72053	5.3736	6.54114	8.13545	6.54114	10.4439	8.13545	10.4439	
0.58	1.78103	3.80824	3.80824	5.35624	4.67776	5.35624	6.53015	8.1349	6.53015	10.4611	8.1349	10.4611	
0.585	1.78035	3.81266	3.81266	5.33887	4.63258	5.33887	6.51925	8.13444	6.51925	10.4783	8.13444	10.4783	
0.59	1.77969	3.81827	3.81827	5.3215	4.58443	5.3215	6.50845	8.13407	6.50845	10.4957	8.13407	10.4957	
0.595	1.77903	3.82548	3.82548	5.30413	4.5325	5.30413	6.49774	8.13378	6.49774	10.5131	8.13378	10.5131	
0.6	1.77838	3.83495	3.83495	5.28677	4.47548	5.28677	6.48712	8.13358	6.48712	10.5306	8.13358	10.5306	
0.605	1.77774	3.84785	3.84785	5.26943	4.41105	5.26943	6.47659	8.13346	6.47659	10.5483	8.13346	10.5483	
0.61	1.7771	3.86667	3.86667	5.25212	4.3342	5.25212	6.46613	8.13342	6.46613	10.566	8.13342	10.566	
0.615	1.77647	3.89937	3.89937	5.23484	4.229	5.23484	6.45576	8.13346	6.45576	10.5838	8.13346	10.5838	
0.62	1.77585	3.87254	4.05743	5.2176	4.05743	5.2176	6.44546	8.13358	6.44546	10.6017	8.13358	10.6017	
0.625	1.77524	3.80236	4.07206	5.20039	4.07206	5.20039	6.43523	8.13377	6.43523	10.6197	8.13377	10.6197	
0.63	1.77463	3.76369	4.07067	5.18323	4.07067	5.18323	6.42507	8.13404	6.42507	10.6378	8.13404	10.6378	
0.635	1.77403	3.73393	4.06454	5.16612	4.06454	5.16612	6.41499	8.13438	6.41499	10.656	8.13438	10.656	
0.64	1.77344	3.7085	4.05597	5.14905	4.05597	5.14905	6.40497	8.13479	6.40497	10.6743	8.13479	10.6743	
0.645	1.77285	3.6856	4.04587	5.13204	4.04587	5.13204	6.39501	8.13527	6.39501	10.6926	8.13527	10.6926	
0.65	1.77227	3.66431	4.03469	5.11508	4.03469	5.11508	6.38512	8.13582	6.38512	10.711	8.13582	10.711	
0.655	1.7717	3.64412	4.0227	5.09818	4.0227	5.09818	6.37528	8.13644	6.37528	10.7295	8.13644	10.7295	
0.66	1.77113	3.62469	4.01007	5.08134	4.01007	5.08134	6.36551	8.13713	6.36551	10.748	8.13713	10.748	
0.665	1.77058	3.60579	3.99692	5.06455	3.99692	5.06455	6.35579	8.13788	6.35579	10.7667	8.13788	10.7667	
0.67	1.77003	3.58726	3.98332	5.04783	3.98332	5.04783	6.34613	8.13869	6.34613	10.7854	8.13869	10.7854	
0.675	1.76948	3.569	3.96934	5.03116	3.96934	5.03116	6.33653	8.13957	6.33653	10.8042	8.13957	10.8042	
0.68	1.76895	3.55091	3.95503	5.01455	3.95503	5.01455	6.32698	8.1405	6.32698	10.823	8.1405	10.823	
0.685	1.76842	3.53293	3.94042	4.99801	3.94042	4.99801	6.31748	8.1415	6.31748	10.8419	8.1415	10.8419	
0.69	1.7679	3.515	3.92554	4.98152	3.92554	4.98152	6.30803	8.14255	6.30803	10.8609	8.14255	10.8609	
0.695	1.76738	3.49708	3.91043	4.9651	3.91043	4.9651	6.29863	8.14367	6.29863	10.8799	8.14367	10.8799	
0.7	1.76688	3.47913	3.89509	4.94873	3.89509	4.94873	6.28928	8.14483	6.28928	10.8991	8.14483	10.8991	
0.705	1.76638	3.46113	3.87956	4.93242	3.87956	4.93242	6.27998	8.14606	6.27998	10.9182	8.14606	10.9182	
0.71	1.76589	3.44306	3.86383	4.91617	3.86383	4.91617	6.27073	8.14734	6.27073	10.9375	8.14734	10.9375	
0.715	1.76542	3.42489	3.84794	4.89997	3.84794	4.89997	6.26152	8.14867	6.26152	10.9568	8.14867	10.9568	
0.72	1.76495	3.40661	3.83188	4.88383	3.83188	4.88383	6.25235	8.15005	6.25235	10.9761	8.15005	10.9761	
0.725	1.76449	3.3882	3.81568	4.86775	3.81568	4.86775	6.24323	8.15148	6.24323	10.9955	8.15148	10.9955	
0.73	1.76404	3.36966	3.79933	4.85172	3.79933	4.85172	6.23415	8.15297	6.23415	11.015	8.15297	11.015	
0.735	1.76361	3.35097	3.78285	4.83574	3.78285	4.83574	6.22512	8.1545	6.22512	11.0345	8.1545	11.0345	
0.74	1.76319	3.33212	3.76625	4.81982	3.76625	4.81982	6.21612	8.15608	6.21612	11.0541	8.15608	11.0541	
0.745	1.76278	3.31311	3.74953	4.80394	3.74953	4.80394	6.20716	8.15771	6.20716	11.0737	8.15771	11.0737	
0.75	1.76238	3.29393	3.7327	4.78812	3.7327	4.78812	6.19825	8.15939	6.19825	11.0934	8.15939	11.0934	
0.755	1.762	3.27457	3.71576	4.77234	3.71576	4.77234	6.18937	8.16111	6.18937	11.1131	8.16111	11.1131	
0.76	1.76164	3.25503	3.69873	4.75661	3.69873	4.75661	6.18053	8.16288	6.18053	11.1329	8.16288	11.1329	
0.765	1.7613	3.23531	3.68161	4.74093	3.68161	4.74093	6.17173	8.16469	6.17173	11.1527	8.16469	11.1527	
0.77	1.76098	3.21539	3.66439	4.72529	3.66439	4.72529	6.16296	8.16654	6.16296	11.1726	8.16654	11.1726	
0.775	1.76068	3.19527	3.6471	4.7097	3.6471	4.7097	6.15423	8.16844	6.15423	11.1926	8.16844	11.1926	
0.78	1.7604	3.17495	3.62973	4.69414	3.62973	4.69414	6.14553	8.17038	6.14553	11.2125	8.17038	11.2125	
0.785	1.76015	3.15443	3.61228	4.67863	3.61228	4.67863	6.13687	8.17235	6.13687	11.2326	8.17235	11.2326	
0.79	1.75993	3.1337	3.59476	4.66317	3.59476	4.66317	6.12824	8.17437	6.12824	11.2526	8.17437	11.2526	
0.795	1.75974	3.11276	3.57718	4.64774	3.57718	4.64774	6.11965	8.17643	6.11965	11.2728	8.17643	11.2728	
0.8	1.75959	3.09159	3.55954	4.63235	3.55954	4.63235	6.11109	8.17853	6.11109	11.2929	8.17853	11.2929	
0.805	1.75947	3.07021	3.54183	4.61699	3.54183	4.61699	6.10256	8.18066	6.10256	11.3131	8.18066	11.3131	
0.81	1.7594	3.04859	3.52408	4.60168	3.52408	4.60168	6.09406	8.18284	6.09406	11.3334	8.18284	11.3334	
0.815	1.75938	3.02674	3.50627	4.58639	3.50627	4.58639	6.08559	8.18505	6.08559	11.3536	8.18505	11.3536	
0.82	1.7594	3.00466	3.48841	4.57115	3.48841	4.57115	6.07715	8.18729	6.07715	11.374	8.18729	11.374	
0.825	1.75949	2.98233	3.47051	4.55594	3.47051	4.55594	6.06874	8.18957	6.06874	11.3943	8.18957	11.3943	
0.83	1.75963	2.95974	3.45256	4.54076	3.45256	4.54076	6.06036	8.19189	6.06036	11.4147	8.19189	11.4147	
0.835	1.75985	2.9369	3.43458	4.52561	3.43458	4.52561	6.05201	8.19424	6.05201	11.4352	8.19424	11.4352	
0.84	1.76015	2.91379	3.41655	4.51049	3.41655	4.51049	6.04369	8.19663	6.04369	11.4557	8.19663	11.4557	
0.845	1.76053	2.89041	3.3985	4.4954	3.3985	4.4954	6.0354	8.19904	6.0354	11.4762	8.19904	11.4762	
0.85	1.76101	2.86674	3.38041	4.48035	3.38041	4.48035	6.02713	8.20149	6.02713	11.4967	8.20149	11.4967	
0.855	1.7616	2.84277	3.36229	4.46532	3.36229	4.46532	6.01889	8.20397	6.01889	11.5173	8.20397	11.5173	
0.86	1.76231	2.81849	3.34415	4.45032	3.34415	4.45032	6.01067	8.20649	6.01067	11.538	8.20649	11.538	
0.865	1.76315	2.79389	3.32598	4.43534	3.32598	4.43534	6.00248	8.20903	6.00248	11.5586	8.20903	11.5586	
0.87	1.76414	2.76896	3.30779	4.4204	3.30779	4.4204	5.99432	8.21161	5.99432	11.5793	8.21161	11.5793	
0.875	1.7653	2.74366	3.28958	4.40548	3.28958	4.40548	5.98618	8.21421	5.98618	11.6001	8.21421	11.6001	
0.88	1.76665	2.71799	3.27135	4.39058	3.27135	4.39058	5.97806	8.21685	5.97806	11.6208	8.21685	11.6208	
0.885	1.76821	2.69191	3.2531	4.37571	3.2531	4.37571	5.96997	8.21951	5.96997	11.6416	8.21951	11.6416	
0.89	1.77001	2.66541	3.23484	4.36086	3.23484	4.36086	5.9619	8.22221	5.9619	11.6625	8.22221	11.6625	
0.895	1.77207	2.63845	3.21657	4.34604	3.21657	4.34604	5.95386	8.22493	5.95386	11.6833	8.22493	11.6833	
0.9	1.77445	2.61099	3.19829	4.33124	3.19829	4.33124	5.94584	8.22767	5.94584	11.7042	8.22767	11.7042	
0.905	1.77718	2.583	3.18	4.31646	3.18	4.31646	5.93784	8.23045	5.93784	11.7252	8.23045	11.7252	
0.91	1.78031	2.55441	3.1617	4.30171	3.1617	4.30171	5.92986	8.23325	5.92986	11.7461	8.23325	11.7461	
0.915	1.78391	2.52516	3.14339	4.28697	3.14339	4.28697	5.92191	8.23608	5.92191	11.7671	8.23608	11.7671	
0.92	1.78806	2.49518	3.12508	4.27226	3.12508	4.27226	5.91397	8.23894	5.91397	11.7881	8.23894	11.7881	
0.925	1.79286	2.46437	3.10677	4.25756	3.10677	4.25756	5.90606	8.24182	5.90606	11.8092	8.24182	11.8092	
0.93	1.79842	2.43261	3.08846	4.24289	3.08846	4.24289	5.89817	8.24472	5.89817	11.8302	8.24472	11.8302	
0.935	1.80492	2.39972	3.07014	4.22823	3.07014	4.22823	5.89029	8.24765	5.89029	11.8514	8.24765	11.8514	
0.94	1.81257	2.36551	3.05183	4.2136	3.05183	4.2136	5.88244	8.25061	5.88244	11.8725	8.25061	11.8725	
0.945	1.82168	2.32965	3.03352	4.19898	3.03352	4.19898	5.87461	8.25359	5.87461	11.8936	8.25359	11.8936	
0.95	1.83271	2.29168	3.01521	4.18438	3.01521	4.18438	5.86679	8.25659	5.86679	11.9148	8.25659	11.9148	
0.955	1.84639	2.25089	2.9969	4.1698	2.9969	4.1698	5.859	8.25962	5.859	11.936	8.25962	11.936	
0.96	1.86403	2.20596	2.9786	4.15524	2.9786	4.15524	5.85122	8.26266	5.85122	11.9573	8.26266	11.9573	
0.965	1.88845	2.15406	2.96031	4.14069	2.96031	4.14069	5.84347	8.26574	5.84347	11.9785	8.26574	11.9785	
0.97	1.92917	2.0857	2.94202	4.12616	2.94202	4.12616	5.83573	8.26883	5.83573	11.9998	8.26883	11.9998	
0.975	1.99352	1.99352	2.92374	4.11164	2.92374	4.11164	5.828	8.27195	5.828	12.0212	8.27195	12.0212	
0.98	1.97952	1.97952	2.90546	4.09714	2.90546	4.09714	5.8203	8.27508	5.8203	12.0425	8.27508	12.0425	
0.985	1.96543	1.96543	2.8872	4.08266	2.8872	4.08266	5.81261	8.27824	5.81261	12.0639	8.27824	12.0639	
0.99	1.95126	1.95126	2.86894	4.06819	2.86894	4.06819	5.80494	8.28142	5.80494	12.0852	8.28142	12.0852	
0.995	1.937	1.937	2.85069	4.05374	2.85069	4.05374	5.79729	8.28462	5.79729	12.1067	8.28462	12.1067	
1	1.92266	1.92266	2.83245	4.0393	2.83245	4.0393	5.78965	8.28784	5.78965	12.1281	8.28784	12.1281	
1.005	1.90823	1.90823	2.81423	4.02487	2.81423	4.02487	5.78203	8.29108	5.78203	12.1495	8.29108	12.1496	
1.01	1.89372	1.89372	2.79601	4.01046	2.79601	4.01046	5.77443	8.29434	5.77443	12.171	8.29434	12.171	
1.015	1.87913	1.87913	2.7778	3.99607	2.7778	3.99607	5.76684	8.29763	5.76684	12.1925	8.29763	12.1925	
1.02	1.86446	1.86446	2.75961	3.98168	2.75961	3.98168	5.75926	8.30092	5.75926	12.2141	8.30092	12.2141	
1.025	1.84971	1.84971	2.74143	3.96731	2.74143	3.96731	5.75171	8.30424	5.75171	12.2356	8.30424	12.2356	
1.03	1.83487	1.83487	2.72326	3.95295	2.72326	3.95295	5.74416	8.30758	5.74416	12.2572	8.30758	12.2572	
1.035	1.81996	1.81996	2.7051	3.93861	2.7051	3.93861	5.73663	8.31094	5.73663	12.2788	8.31094	12.2788	
1.04	1.80497	1.80497	2.68695	3.92427	2.68695	3.92427	5.72912	8.31431	5.72912	12.3004	8.31431	12.3004	
1.045	1.7899	1.7899	2.66881	3.90995	2.66881	3.90995	5.72162	8.3177	5.72162	12.322	8.3177	12.322	
1.05	1.77476	1.77476	2.65069	3.89564	2.65069	3.89564	5.71413	8.32111	5.71413	12.3437	8.32111	12.3437	
1.055	1.75954	1.75954	2.63258	3.88135	2.63258	3.88135	5.70666	8.32454	5.70666	12.3653	8.32454	12.3653	
1.06	1.74425	1.74425	2.61448	3.86706	2.61448	3.86706	5.6992	8.32798	5.6992	12.387	8.32798	12.387	
1.065	1.72889	1.72889	2.59639	3.85278	2.59639	3.85278	5.69176	8.33144	5.69176	12.4087	8.33144	12.4087	
1.07	1.71345	1.71345	2.57832	3.83852	2.57832	3.83852	5.68432	8.33492	5.68432	12.4305	8.33492	12.4305	
1.075	1.69794	1.69794	2.56025	3.82427	2.56025	3.82427	5.67691	8.33842	5.67691	12.4522	8.33842	12.4522	
1.08	1.68237	1.68237	2.5422	3.81002	2.5422	3.81002	5.6695	8.34193	5.6695	12.474	8.34193	12.474	
1.085	1.66672	1.66672	2.52416	3.79579	2.52416	3.79579	5.66211	8.34545	5.66211	12.4958	8.34545	12.4958	
1.09	1.651	1.651	2.50613	3.78157	2.50613	3.78157	5.65473	8.349	5.65473	12.5176	8.349	12.5176	
1.095	1.63522	1.63522	2.48811	3.76735	2.48811	3.76735	5.64736	8.35256	5.64736	12.5394	8.35256	12.5394	
1.1	1.61937	1.61937	2.47011	3.75315	2.47011	3.75315	5.64	8.35613	5.64	12.5612	8.35613	12.5612	
1.105	1.60346	1.60346	2.45211	3.73896	2.45211	3.73896	5.63266	8.35972	5.63266	12.5831	8.35972	12.5831	
1.11	1.58748	1.58748	2.43413	3.72477	2.43413	3.72477	5.62532	8.36332	5.62532	12.605	8.36332	12.605	
1.115	1.57144	1.57144	2.41616	3.7106	2.41616	3.7106	5.618	8.36694	5.618	12.6269	8.36694	12.6269	
1.12	1.55533	1.55533	2.39819	3.69643	2.39819	3.69643	5.61069	8.37057	5.61069	12.6488	8.37057	12.6488	
1.125	1.53917	1.53917	2.38024	3.68227	2.38024	3.68227	5.60339	8.37422	5.60339	12.6707	8.37422	12.6707	
1.13	1.52294	1.52294	2.3623	3.66812	2.3623	3.66812	5.59611	8.37788	5.59611	12.6926	8.37788	12.6926	
1.135	1.50666	1.50666	2.34436	3.65398	2.34436	3.65398	5.58883	8.38156	5.58883	12.7146	8.38156	12.7146	
1.14	1.49031	1.49031	2.32644	3.63985	2.32644	3.63985	5.58156	8.38525	5.58156	12.7366	8.38525	12.7366	
1.145	1.47391	1.47391	2.30853	3.62572	2.30853	3.62572	5.57431	8.38896	5.57431	12.7586	8.38896	12.7586	
1.15	1.45745	1.45745	2.29062	3.61161	2.29062	3.61161	5.56706	8.39267	5.56706	12.7806	8.39267	12.7806	
1.155	1.44094	1.44094	2.27273	3.5975	2.27273	3.5975	5.55983	8.3964	5.55983	12.8026	8.3964	12.8026	
1.16	1.42437	1.42437	2.25484	3.5834	2.25484	3.5834	5.55261	8.40015	5.55261	12.8246	8.40015	12.8246	
1.165	1.40774	1.40774	2.23696	3.5693	2.23696	3.5693	5.54539	8.4039	5.54539	12.8467	8.4039	12.8467	
1.17	1.39107	1.39107	2.21909	3.55522	2.21909	3.55522	5.53819	8.40767	5.53819	12.8688	8.40767	12.8688	
1.175	1.37434	1.37434	2.20122	3.54114	2.20122	3.54114	5.53099	8.41146	5.53099	12.8908	8.41146	12.8908	
1.18	1.35756	1.35756	2.18337	3.52707	2.18337	3.52707	5.52381	8.41525	5.52381	12.9129	8.41525	12.9129	
1.185	1.34073	1.34073	2.16552	3.513	2.16552	3.513	5.51663	8.41906	5.51663	12.9351	8.41906	12.9351	
1.19	1.32385	1.32385	2.14768	3.49895	2.14768	3.49895	5.50947	8.42288	5.50947	12.9572	8.42288	12.9572	
1.195	1.30692	1.30692	2.12984	3.48489	2.12984	3.48489	5.50231	8.42671	5.50231	12.9793	8.42671	12.9793	
1.2	1.28994	1.28994	2.11201	3.47085	2.11201	3.47085	5.49516	8.43056	5.49516	13.0015	8.43056	13.0015	
1.205	1.27292	1.27292	2.09419	3.45681	2.09419	3.45681	5.48803	8.43441	5.48803	13.0236	8.43441	13.0236	
1.21	1.25585	1.25585	2.07638	3.44278	2.07638	3.44278	5.4809	8.43828	5.4809	13.0458	8.43828	13.0458	
1.215	1.23873	1.23873	2.05856	3.42875	2.05856	3.42875	5.47378	8.44216	5.47378	13.068	8.44216	13.068	
1.22	1.22157	1.22157	2.04076	3.41473	2.04076	3.41473	5.46666	8.44605	5.46666	13.0902	8.44605	13.0902	
1.225	1.20436	1.20436	2.02296	3.40072	2.02296	3.40072	5.45956	8.44995	5.45956	13.1124	8.44995	13.1124	
1.23	1.18711	1.18711	2.00517	3.38671	2.00517	3.38671	5.45246	8.45386	5.45246	13.1347	8.45386	13.1347	
1.235	1.16982	1.16982	1.98738	3.37271	1.98738	3.37271	5.44538	8.45779	5.44538	13.1569	8.45779	13.1569	
1.24	1.15249	1.15249	1.96959	3.35871	1.96959	3.35871	5.4383	8.46172	5.4383	13.1792	8.46172	13.1792	
1.245	1.13511	1.13511	1.95181	3.34472	1.95181	3.34472	5.43123	8.46567	5.43123	13.2015	8.46567	13.2015	
1.25	1.1177	1.1177	1.93403	3.33074	1.93403	3.33074	5.42416	8.46962	5.42416	13.2237	8.46962	13.2237	
1.255	1.10024	1.10024	1.91626	3.31676	1.91626	3.31676	5.41711	8.47359	5.41711	13.246	8.47359	13.246	
1.26	1.08275	1.08275	1.89849	3.30278	1.89849	3.30278	5.41006	8.47756	5.41006	13.2683	8.47756	13.2683	
1.265	1.06522	1.06522	1.88073	3.28881	1.88073	3.28881	5.40302	8.48155	5.40302	13.2907	8.48155	13.2907	
1.27	1.04765	1.04765	1.86296	3.27485	1.86296	3.27485	5.39599	8.48555	5.39599	13.313	8.48555	13.313	
1.275	1.03004	1.03004	1.8452	3.26089	1.8452	3.26089	5.38897	8.48956	5.38897	13.3353	8.48956	13.3353	
1.28	1.01239	1.01239	1.82745	3.24694	1.82745	3.24694	5.38195	8.49357	5.38195	13.3577	8.49357	13.3577	
1.285	0.994714	0.994714	1.8097	3.23299	1.8097	3.23299	5.37494	8.4976	5.37494	13.3801	8.4976	13.3801	
1.29	0.976999	0.976999	1.79194	3.21904	1.79194	3.21904	5.36794	8.50163	5.36794	13.4024	8.50163	13.4024	
1.295	0.959248	0.959248	1.7742	3.2051	1.7742	3.2051	5.36094	8.50568	5.36094	13.4248	8.50568	13.4248	
1.3	0.941464	0.941464	1.75645	3.19116	1.75645	3.19116	5.35395	8.50974	5.35395	13.4472	8.50974	13.4472	
1.305	0.923646	0.923646	1.73871	3.17723	1.73871	3.17723	5.34697	8.5138	5.34697	13.4696	8.5138	13.4696	
1.31	0.905795	0.905795	1.72097	3.1633	1.72097	3.1633	5.33999	8.51787	5.33999	13.4921	8.51787	13.4921	
1.315	0.887911	0.887911	1.70322	3.14938	1.70322	3.14938	5.33303	8.52196	5.33303	13.5145	8.52196	13.5145	
1.32	0.869995	0.869995	1.68549	3.13546	1.68549	3.13546	5.32606	8.52605	5.32606	13.5369	8.52605	13.5369	
1.325	0.852048	0.852048	1.66775	3.12155	1.66775	3.12155	5.31911	8.53015	5.31911	13.5594	8.53015	13.5594	
1.33	0.83407	0.83407	1.65001	3.10764	1.65001	3.10764	5.31216	8.53426	5.31216	13.5819	8.53426	13.5819	
1.335	0.816062	0.816062	1.63228	3.09373	1.63228	3.09373	5.30522	8.53838	5.30522	13.6043	8.53838	13.6043	
1.34	0.798023	0.798023	1.61455	3.07982	1.61455	3.07982	5.29828	8.5425	5.29828	13.6268	8.5425	13.6268	
1.345	0.779956	0.779956	1.59681	3.06593	1.59681	3.06593	5.29135	8.54664	5.29135	13.6493	8.54664	13.6493	
1.35	0.761859	0.761859	1.57908	3.05203	1.57908	3.05203	5.28443	8.55078	5.28443	13.6718	8.55078	13.6718	
1.355	0.743734	0.743734	1.56135	3.03814	1.56135	3.03814	5.27751	8.55493	5.27751	13.6943	8.55493	13.6943	
1.36	0.725581	0.725581	1.54362	3.02425	1.54362	3.02425	5.2706	8.55909	5.2706	13.7169	8.55909	13.7169	
1.365	0.7074	0.7074	1.52589	3.01036	1.52589	3.01036	5.26369	8.56326	5.26369	13.7394	8.56326	13.7394	
1.37	0.689192	0.689192	1.50816	2.99648	1.50816	2.99648	5.25679	8.56744	5.25679	13.7619	8.56744	13.7619	
1.375	0.670958	0.670958	1.49043	2.9826	1.49043	2.9826	5.2499	8.57162	5.2499	13.7845	8.57162	13.7845	
1.38	0.652697	0.652697	1.4727	2.96873	1.4727	2.96873	5.24301	8.57582	5.24301	13.8071	8.57582	13.8071	
1.385	0.63441	0.63441	1.45497	2.95486	1.45497	2.95486	5.23613	8.58002	5.23613	13.8296	8.58002	13.8296	
1.39	0.616098	0.616098	1.43724	2.94099	1.43724	2.94099	5.22925	8.58422	5.22925	13.8522	8.58422	13.8522	
1.395	0.597761	0.597761	1.41951	2.92712	1.41951	2.92712	5.22238	8.58844	5.22238	13.8748	8.58844	13.8748	
1.4	0.5794	0.5794	1.40178	2.91326	1.40178	2.91326	5.21551	8.59266	5.21551	13.8974	8.59266	13.8974	
1.405	0.561014	0.561014	1.38405	2.8994	1.38405	2.8994	5.20865	8.59689	5.20865	13.92	8.59689	13.92	
1.41	0.542604	0.542604	1.36631	2.88554	1.36631	2.88554	5.2018	8.60113	5.2018	13.9426	8.60113	13.9426	
1.415	0.52417	0.52417	1.34858	2.87169	1.34858	2.87169	5.19495	8.60538	5.19495	13.9652	8.60538	13.9652	
1.42	0.505714	0.505714	1.33085	2.85784	1.33085	2.85784	5.1881	8.60963	5.1881	13.9879	8.60963	13.9879	
1.425	0.487235	0.487235	1.31311	2.84399	1.31311	2.84399	5.18126	8.61389	5.18126	14.0105	8.61389	14.0105	
1.43	0.468733	0.468733	1.29538	2.83015	1.29538	2.83015	5.17443	8.61816	5.17443	14.0332	8.61816	14.0332	
1.435	0.450209	0.450209	1.27764	2.8163	1.27764	2.8163	5.1676	8.62243	5.1676	14.0558	8.62243	14.0558	
1.44	0.431664	0.431664	1.25991	2.80246	1.25991	2.80246	5.16077	8.62671	5.16077	14.0785	8.62671	14.0785	
1.445	0.413097	0.413097	1.24217	2.78863	1.24217	2.78863	5.15395	8.631	5.15395	14.1012	8.631	14.1012	
1.45	0.394509	0.394509	1.22443	2.77479	1.22443	2.77479	5.14713	8.63529	5.14713	14.1238	8.63529	14.1238	
1.455	0.375901	0.375901	1.20669	2.76096	1.20669	2.76096	5.14032	8.63959	5.14032	14.1465	8.63959	14.1465	
1.46	0.357271	0.357271	1.18895	2.74713	1.18895	2.74713	5.13352	8.6439	5.13352	14.1692	8.6439	14.1692	
1.465	0.338622	0.338622	1.17121	2.7333	1.17121	2.7333	5.12672	8.64822	5.12672	14.1919	8.64822	14.1919	
1.47	0.319953	0.319953	1.15346	2.71948	1.15346	2.71948	5.11992	8.65254	5.11992	14.2146	8.65254	14.2146	
1.475	0.301264	0.301264	1.13572	2.70565	1.13572	2.70565	5.11313	8.65686	5.11313	14.2374	8.65686	14.2374	
1.48	0.282556	0.282556	1.11797	2.69183	1.11797	2.69183	5.10634	8.6612	5.10634	14.2601	8.6612	14.2601	
1.485	0.263829	0.263829	1.10022	2.67801	1.10022	2.67801	5.09956	8.66554	5.09956	14.2828	8.66554	14.2828	
1.49	0.245083	0.245083	1.08247	2.6642	1.08247	2.6642	5.09278	8.66989	5.09278	14.3056	8.66989	14.3056	
1.495	0.226319	0.226319	1.06472	2.65038	1.06472	2.65038	5.086	8.67424	5.086	14.3283	8.67424	14.3283	
1.5	0.207537	0.207537	1.04697	2.63657	1.04697	2.63657	5.07923	8.6786	5.07923	14.3511	8.6786	14.3511	
