0.01	0	-0.0097752	0.0097752	0.0191283	0.000199089	-0.0193272	-0.0015272	-0.0168134	0.0183402	0.0185893	0.000133065	-0.0187223	
0.015	0	-0.0145052	0.0145052	0.026856	6.4529e-05	-0.0269204	-0.000424808	-0.0268593	0.0272838	0.0280869	8.57314e-05	-0.0281724	
0.02	0	-0.0191288	0.0191288	0.0355531	3.77729e-05	-0.0355908	-0.00023734	-0.0362268	0.0364638	0.0381738	5.16062e-05	-0.0382252	
0.025	0	-0.0236507	0.0236507	0.0441059	2.45143e-05	-0.0441303	-0.000146153	-0.0456567	0.0458025	0.0483956	3.21492e-05	-0.0484275	
0.03	0	-0.0280735	0.0280735	0.0525781	1.70698e-05	-0.052595	-9.93671e-05	-0.055107	0.0552061	0.0589023	2.17797e-05	-0.0589239	
0.035	0	-0.0323998	0.0323998	0.0609616	1.25041e-05	-0.060974	-7.1471e-05	-0.0644649	0.064536	0.0697491	1.5526e-05	-0.0697644	
0.04	0	-0.036632	0.036632	0.0692732	9.5502e-06	-0.0692827	-5.39426e-05	-0.0738258	0.0738794	0.0807983	1.15548e-05	-0.0808097	
0.045	0	-0.0407725	0.0407725	0.0774566	7.55061e-06	-0.077464	-4.17881e-05	-0.0833124	0.0833539	0.0922401	8.84122e-06	-0.0922488	
0.05	0	-0.0448237	0.0448237	0.0855556	6.11672e-06	-0.0855615	-3.3563e-05	-0.0927208	0.092754	0.103941	6.99033e-06	-0.103948	
0.055	0	-0.0487878	0.0487878	0.093543	5.01494e-06	-0.0935479	-2.72186e-05	-0.10216	0.102187	0.115994	5.57495e-06	-0.116	
0.06	0	-0.0526672	0.0526671	0.101428	4.17886e-06	-0.101432	-2.24671e-05	-0.111681	0.111703	0.128421	4.54167e-06	-0.128425	
0.065	0	-0.0564639	0.0564639	0.109203	3.54597e-06	-0.109207	-1.90253e-05	-0.121115	0.121134	0.141162	3.78201e-06	-0.141165	
0.07	0	-0.0601801	0.0601801	0.116882	3.03024e-06	-0.116885	-1.59795e-05	-0.130636	0.130652	0.154295	3.1304e-06	-0.154298	
0.075	0	-0.063818	0.063818	0.124438	2.62359e-06	-0.12444	-1.38101e-05	-0.140108	0.140121	0.167775	2.6574e-06	-0.167778	
0.08	0	-0.0673794	0.0673794	0.131894	2.29704e-06	-0.131896	-1.18916e-05	-0.149589	0.149601	0.181649	2.24924e-06	-0.181651	
0.085	0	-0.0708665	0.0708665	0.139244	2.02506e-06	-0.139246	-1.03283e-05	-0.159087	0.159097	0.195912	1.91772e-06	-0.195914	
0.09	0	-0.0742811	0.0742811	0.146482	1.8134e-06	-0.146484	-9.13617e-06	-0.168502	0.168511	0.210578	1.66427e-06	-0.210579	
0.095	0	-0.0776251	0.0776251	0.15362	1.59579e-06	-0.153621	-8.0236e-06	-0.17797	0.177978	0.225683	1.44023e-06	-0.225684	
0.1	0	-0.0809003	0.0809003	0.160649	1.44229e-06	-0.16065	-7.1787e-06	-0.187378	0.187385	0.241196	1.26679e-06	-0.241197	
0.105	0	-0.0841085	0.0841085	0.167571	1.30277e-06	-0.167572	-6.41e-06	-0.196766	0.196772	0.257154	1.10774e-06	-0.257155	
0.11	0	-0.0872514	0.0872514	0.174387	1.18255e-06	-0.174388	-5.77354e-06	-0.206101	0.206106	0.273566	9.80254e-07	-0.273566	
0.115	0	-0.0903309	0.0903309	0.181098	1.0746e-06	-0.181099	-5.16925e-06	-0.215441	0.215445	0.290438	8.62805e-07	-0.290439	
0.12	0	-0.0933483	0.0933483	0.187707	9.84299e-07	-0.187708	-4.68612e-06	-0.22472	0.224725	0.307788	7.6664e-07	-0.307788	
0.125	0	-0.0963055	0.0963055	0.194211	9.00979e-07	-0.194212	-4.22907e-06	-0.233952	0.233956	0.325618	6.80414e-07	-0.325618	
0.13	0	-0.0992038	0.0992038	0.200612	8.28802e-07	-0.200613	-3.89237e-06	-0.243138	0.243141	0.343944	6.16915e-07	-0.343945	
0.135	0	-0.102045	0.102045	0.206909	7.55564e-07	-0.20691	-3.53597e-06	-0.252281	0.252284	0.362788	5.52528e-07	-0.362789	
0.14	0	-0.10483	0.10483	0.213112	7.09534e-07	-0.213112	-3.25443e-06	-0.26134	0.261343	0.382149	4.98416e-07	-0.38215	
0.145	0	-0.107561	0.107561	0.219209	6.56886e-07	-0.219209	-3.0229e-06	-0.270358	0.270361	0.402036	4.55848e-07	-0.402036	
0.15	0	-0.110239	0.110239	0.225209	6.07338e-07	-0.22521	-2.75703e-06	-0.279296	0.279299	0.422463	4.11581e-07	-0.422463	
0.155	0	-0.112866	0.112866	0.231114	5.57975e-07	-0.231114	-2.52775e-06	-0.288164	0.288166	0.443437	3.71957e-07	-0.443437	
0.16	0	-0.115442	0.115442	0.236922	5.2494e-07	-0.236923	-2.35123e-06	-0.296967	0.296969	0.464966	3.4165e-07	-0.464966	
0.165	0	-0.117969	0.117969	0.242635	4.93987e-07	-0.242635	-2.19255e-06	-0.305686	0.305688	0.487059	3.14488e-07	-0.487059	
0.17	0	-0.120448	0.120448	0.248256	4.6224e-07	-0.248256	-2.05529e-06	-0.314325	0.314327	0.509721	2.92036e-07	-0.509721	
0.175	0	-0.122879	0.122879	0.253844	4.30357e-07	-0.253844	-1.88853e-06	-0.322857	0.322859	0.532955	2.65724e-07	-0.532956	
0.18	0	-0.125267	0.125267	0.259279	4.06256e-07	-0.259279	-1.72417e-06	-0.331309	0.33131	0.556767	2.39474e-07	-0.556767	
0.185	0	-0.12761	0.12761	0.264623	3.79023e-07	-0.264623	-1.63462e-06	-0.339663	0.339664	0.581157	2.28113e-07	-0.581157	
0.19	0	-0.12991	0.12991	0.26988	3.57606e-07	-0.26988	-1.55605e-06	-0.347878	0.34788	0.606123	2.14773e-07	-0.606123	
0.195	0	-0.132169	0.132169	0.275051	3.32036e-07	-0.275051	-1.43718e-06	-0.355966	0.355967	0.631672	1.98645e-07	-0.631672	
0.2	0	-0.134386	0.134386	0.280135	3.22212e-07	-0.280136	-1.3733e-06	-0.363902	0.363903	0.657793	1.88173e-07	-0.657793	
0.205	0	-0.136563	0.136563	0.285138	3.07438e-07	-0.285138	-1.29272e-06	-0.371655	0.371656	0.684482	1.77054e-07	-0.684482	
0.21	0	-0.138701	0.138701	0.290057	2.90534e-07	-0.290057	-1.25159e-06	-0.379203	0.379204	0.711736	1.71609e-07	-0.711736	
0.215	0	-0.140801	0.140801	0.294895	2.75651e-07	-0.294895	-1.17094e-06	-0.386516	0.386517	0.739543	1.62147e-07	-0.739543	
0.22	0	-0.142864	0.142864	0.299653	2.57019e-07	-0.299653	-1.09468e-06	-0.393527	0.393528	0.76789	1.53752e-07	-0.76789	
0.225	0	-0.144891	0.144891	0.304332	2.49593e-07	-0.304332	-1.06482e-06	-0.400182	0.400182	0.796768	1.49468e-07	-0.796768	
0.23	0	-0.146882	0.146882	0.308936	2.3508e-07	-0.308936	-9.97547e-07	-0.406402	0.406403	0.826162	1.42754e-07	-0.826162	
0.235	0	-0.148839	0.148839	0.313463	2.27519e-07	-0.313463	-9.7327e-07	-0.412099	0.4121	0.856056	1.41634e-07	-0.856056	
0.24	0	-0.150763	0.150763	0.317917	2.22038e-07	-0.317917	-9.59353e-07	-0.417136	0.417136	0.886432	1.32113e-07	-0.886432	
0.245	0	-0.152653	0.152653	0.322297	2.01947e-07	-0.322297	-8.79677e-07	-0.421333	0.421334	0.917271	1.2545e-07	-0.917271	
0.25	0	-0.154512	0.154512	0.326606	1.95458e-07	-0.326606	-8.73117e-07	-0.424463	0.424463	0.948552	1.44431e-07	-0.948552	
0.255	0	-0.156339	0.156339	0.330846	1.86986e-07	-0.330846	-8.74269e-07	-0.426213	0.426214	0.980257	1.42513e-07	-0.980257	
0.26	0	-0.158135	0.158135	0.335018	1.77193e-07	-0.335018	-8.56689e-07	-0.426107	0.426108	1.01236	1.35138e-07	-1.01236	
0.265	0	-0.159902	0.159902	0.339125	1.71932e-07	-0.339125	-8.88725e-07	-0.423467	0.423467	1.04485	1.58227e-07	-1.04485	
0.27	0	-0.16164	0.16164	0.343167	1.6057e-07	-0.343167	-8.82669e-07	-0.417163	0.417164	1.07769	1.72994e-07	-1.07769	
0.275	0	-0.163349	0.163349	0.347148	1.57426e-07	-0.347149	-9.96989e-07	-0.40519	0.405191	1.11086	2.14939e-07	-1.11086	
0.28	0	-0.16503	0.16503	0.351072	1.51688e-07	-0.351072	-1.15581e-06	-0.383283	0.383284	1.14434	2.86847e-07	-1.14434	
0.285	0	-0.166684	0.166684	0.354941	1.50042e-07	-0.354941	-1.69359e-06	-0.338885	0.338886	1.17812	5.32355e-07	-1.17812	
0.29	0	-0.168311	0.168311	0.35876	1.35807e-07	-0.35876	-0.104994	-0.135444	0.105007	1.21216	0.13543	-1.21216	
0.295	0	-0.169913	0.169913	0.362535	1.38139e-07	-0.362535	-0.215998	-0.378174	0.215999	1.24645	0.378173	-1.24645	
0.3	0	-0.171489	0.171489	0.366271	1.24448e-07	-0.366271	-0.254152	-0.481493	0.254153	1.28096	0.481492	-1.28096	
0.305	0	-0.173041	0.173041	0.369978	1.25501e-07	-0.369978	-0.283076	-0.560582	0.283076	1.31568	0.560582	-1.31568	
0.31	0	-0.174568	0.174568	0.373664	1.21444e-07	-0.373664	-0.308341	-0.628067	0.308341	1.35059	0.628067	-1.35059	
0.315	0	-0.176071	0.176071	0.377343	1.09067e-07	-0.377343	-0.331849	-0.688581	0.331849	1.38567	0.68858	-1.38567	
0.32	0	-0.177551	0.177551	0.381028	1.10771e-07	-0.381028	-0.354495	-0.744413	0.354495	1.4209	0.744413	-1.4209	
0.325	0	-0.179009	0.179009	0.38474	1.03078e-07	-0.38474	-0.376785	-0.796876	0.376785	1.45626	0.796876	-1.45626	
0.33	0	-0.180444	0.180444	0.388498	1.01439e-07	-0.388498	-0.399038	-0.846805	0.399038	1.49175	0.846805	-1.49175	
0.335	0	-0.181858	0.181858	0.39233	9.87195e-08	-0.39233	-0.421479	-0.894756	0.421479	1.52735	0.894756	-1.52735	
0.34	0	-0.18325	0.18325	0.396269	1.65751e-07	-0.396269	-0.444273	-0.941135	0.444273	1.56305	0.941135	-1.56305	
0.345	0	-0.184622	0.184622	0.400351	1.57673e-07	-0.400351	-0.467551	-0.986234	0.467551	1.59883	0.986233	-1.59883	
0.35	0	-0.185973	0.185973	0.404619	1.49834e-07	-0.404619	-0.491415	-1.03028	0.491415	1.63468	1.03028	-1.63468	
0.355	0	-0.187304	0.187304	0.409125	1.37197e-07	-0.409125	-0.515947	-1.07343	0.515947	1.67059	1.07343	-1.67059	
0.36	0	-0.188616	0.188616	0.413924	1.31419e-07	-0.413924	-0.541223	-1.11584	0.541223	1.70655	1.11584	-1.70655	
0.365	0	-0.189908	0.189908	0.419079	1.22223e-07	-0.419079	-0.567291	-1.1576	0.567291	1.74256	1.1576	-1.74256	
0.37	0	-0.191182	0.191182	0.424659	1.20774e-07	-0.424659	-0.594197	-1.19881	0.594197	1.77861	1.19881	-1.77861	
0.375	0	-0.192437	0.192437	0.430735	1.1161e-07	-0.430735	-0.621962	-1.23955	0.621962	1.81468	1.23955	-1.81468	
0.38	0	-0.193674	0.193674	0.437382	1.01793e-07	-0.437382	-0.650599	-1.27986	0.650599	1.85078	1.27986	-1.85078	
0.385	0	-0.194894	0.194894	0.444669	9.42694e-08	-0.444669	-0.680098	-1.3198	0.680098	1.8869	1.3198	-1.8869	
0.39	0	-0.196095	0.196095	0.452666	9.02243e-08	-0.452666	-0.710438	-1.35941	0.710438	1.92302	1.35941	-1.92302	
0.395	0	-0.19728	0.19728	0.461434	8.41606e-08	-0.461434	-0.741579	-1.39873	0.741579	1.95915	1.39873	-1.95915	
0.4	0	-0.198448	0.198448	0.471021	7.42006e-08	-0.471021	-0.773466	-1.43778	0.773466	1.99528	1.43778	-1.99528	
0.405	0	-0.199599	0.199599	0.481464	7.078e-08	-0.481464	-0.806033	-1.47659	0.806033	2.03141	1.47659	-2.03141	
0.41	0	-0.200733	0.200733	0.492783	6.36442e-08	-0.492783	-0.839201	-1.51518	0.839201	2.06753	1.51518	-2.06753	
0.415	0	-0.201851	0.201851	0.504984	5.74767e-08	-0.504984	-0.87289	-1.55358	0.87289	2.10364	1.55358	-2.10364	
0.42	0	-0.202953	0.202953	0.518057	7.6491e-07	-0.518057	-0.907011	-1.59179	0.907011	2.13974	1.59178	-2.13974	
0.425	0	-0.204038	0.204038	0.531977	6.86869e-07	-0.531977	-0.94148	-1.62982	0.94148	2.17583	1.62982	-2.17583	
0.43	0	-0.205106	0.205106	0.54671	6.11989e-07	-0.54671	-0.976216	-1.66771	0.976215	2.21189	1.66771	-2.21189	
0.435	0	-0.206158	0.206158	0.562211	5.42952e-07	-0.562212	-1.01114	-1.70544	1.01114	2.24794	1.70544	-2.24794	
0.44	0	-0.207193	0.207193	0.578432	4.81794e-07	-0.578432	-1.04619	-1.74303	1.04619	2.28396	1.74303	-2.28396	
0.445	0	-0.208211	0.208211	0.595317	4.24212e-07	-0.595317	-1.0813	-1.7805	1.0813	2.31996	1.7805	-2.31996	
0.45	0	-0.20921	0.20921	0.612813	3.73138e-07	-0.612813	-1.11641	-1.81784	1.11641	2.35594	1.81784	-2.35594	
0.455	0	-0.210192	0.210192	0.630867	3.26616e-07	-0.630867	-1.1515	-1.85506	1.1515	2.39189	1.85506	-2.39189	
0.46	0	-0.211154	0.211154	0.649427	2.8679e-07	-0.649427	-1.18651	-1.89217	1.18651	2.42781	1.89217	-2.42781	
0.465	0	-0.212095	0.212095	0.668446	2.4956e-07	-0.668446	-1.22143	-1.92917	1.22143	2.4637	1.92917	-2.4637	
0.47	0	-0.213014	0.213014	0.687879	2.1586e-07	-0.687879	-1.25623	-1.96607	1.25623	2.49957	1.96607	-2.49957	
0.475	0	-0.21391	0.21391	0.707687	1.87503e-07	-0.707687	-1.2909	-2.00287	1.2909	2.5354	2.00287	-2.5354	
0.48	0	-0.214779	0.214779	0.727834	1.62212e-07	-0.727834	-1.32542	-2.03957	1.32542	2.5712	2.03957	-2.5712	
0.485	0	-0.21562	0.21562	0.748287	1.39081e-07	-0.748287	-1.35978	-2.07618	1.35978	2.60697	2.07618	-2.60697	
0.49	0	-0.216429	0.216429	0.769019	1.18043e-07	-0.769019	-1.39398	-2.1127	1.39398	2.64271	2.1127	-2.64271	
0.495	0	-0.217203	0.217203	0.790004	1.00415e-07	-0.790004	-1.42801	-2.14913	1.42801	2.67842	2.14913	-2.67842	
0.5	0	-0.217937	0.217937	0.811221	8.44847e-08	-0.811221	-1.46188	-2.18548	1.46188	2.7141	2.18548	-2.7141	
0.505	0	-0.218626	0.218626	0.83265	6.98981e-08	-0.83265	-1.49559	-2.22175	1.49559	2.74974	2.22175	-2.74974	
0.51	0	-0.219262	0.219262	0.854275	5.67572e-08	-0.854275	-1.52913	-2.25793	1.52913	2.78535	2.25793	-2.78535	
0.515	0	-0.219839	0.219839	0.876082	4.4816e-08	-0.876082	-1.56252	-2.29403	1.56252	2.82093	2.29403	-2.82093	
0.52	0	-0.220348	0.220348	0.898057	3.36983e-08	-0.898057	-1.59575	-2.33006	1.59575	2.85647	2.33006	-2.85647	
0.525	0	-0.220776	0.220776	0.920189	2.38682e-08	-0.920189	-1.62883	-2.36602	1.62883	2.89198	2.36602	-2.89198	
0.53	0	-0.221111	0.221111	0.942467	1.46676e-08	-0.942467	-1.66176	-2.4019	1.66176	2.92746	2.4019	-2.92746	
0.535	0	-0.221338	0.221338	0.964883	3.77257e-09	-0.964883	-1.69454	-2.4377	1.69454	2.9629	2.4377	-2.9629	
0.54	0	-0.221436	0.221436	0.987428	-4.30582e-09	-0.987428	-1.72719	-2.47344	1.72719	2.99832	2.47344	-2.99832	
0.545	0	-0.221383	0.221383	1.01009	-1.18934e-08	-1.01009	-1.75971	-2.50911	1.75971	3.0337	2.50911	-3.0337	
0.55	0	-0.221151	0.221151	1.03288	-1.989e-08	-1.03288	-1.79209	-2.54471	1.79209	3.06904	2.54471	-3.06904	
0.555	0	-0.220703	0.220703	1.05576	-2.71904e-08	-1.05576	-1.82435	-2.58024	1.82435	3.10436	2.58024	-3.10436	
0.56	0	-0.219998	0.219998	1.07875	-6.07601e-09	-1.07875	-1.85649	-2.61571	1.85649	3.13964	2.61571	-3.13964	
0.565	0	-0.218979	0.218979	1.10184	-1.70959e-09	-1.10184	-1.88851	-2.65111	1.88851	3.17489	2.65111	-3.17489	
0.57	0	-0.217576	0.217576	1.12501	-2.13129e-09	-1.12501	-1.92042	-2.68645	1.92042	3.21011	2.68645	-3.21011	
0.575	0	-0.215696	0.215696	1.14827	-2.43751e-09	-1.14827	-1.95222	-2.72173	1.95222	3.2453	2.72173	-3.2453	
0.58	0	-0.213215	0.213215	1.17161	-2.76406e-09	-1.17161	-1.98392	-2.75695	1.98392	3.28045	2.75695	-3.28045	
0.585	0	-0.209959	0.209959	1.19502	-3.19551e-09	-1.19502	-2.01551	-2.79211	2.01551	3.31558	2.79211	-3.31558	
0.59	0	-0.205677	0.205677	1.2185	-3.5904e-09	-1.2185	-2.04701	-2.82721	2.04701	3.35067	2.82721	-3.35067	
0.595	0	-0.199982	0.199982	1.24204	-4.29501e-09	-1.24204	-2.07841	-2.86225	2.07841	3.38574	2.86225	-3.38574	
0.6	0	-0.192234	0.192234	1.26564	-5.30457e-09	-1.26564	-2.10972	-2.89724	2.10972	3.42077	2.89724	-3.42077	
0.605	0	-0.18124	0.18124	1.28928	-6.39913e-09	-1.28928	-2.14094	-2.93217	2.14094	3.45578	2.93217	-3.45578	
0.61	0	-0.164301	0.164301	1.31298	-8.74135e-09	-1.31298	-2.17208	-2.96704	2.17208	3.49076	2.96704	-3.49076	
0.615	0	-0.132172	0.132172	1.33672	-6.41595e-10	-1.33672	-2.20313	-3.00186	2.20313	3.5257	3.00186	-3.5257	
0.62	0	2.13771e-10	0.140962	1.3605	-0.140962	-1.3605	-2.2341	-3.03663	2.2341	3.56062	3.03663	-3.56062	
0.625	0	-3.48556e-17	0.245061	1.3843	-0.245061	-1.3843	-2.26499	-3.07134	2.26499	3.59551	3.07134	-3.59551	
0.63	0	-3.15763e-25	0.307684	1.40814	-0.307684	-1.40814	-2.29581	-3.10601	2.29581	3.63037	3.10601	-3.63037	
0.635	0	-1.08269e-32	0.356731	1.432	-0.356731	-1.432	-2.32655	-3.14062	2.32655	3.66521	3.14062	-3.66521	
0.64	0	-4.8973e-40	0.398445	1.45588	-0.398445	-1.45588	-2.35723	-3.17518	2.35723	3.70001	3.17518	-3.70001	
0.645	0	-2.51865e-47	0.43543	1.47977	-0.43543	-1.47977	-2.38783	-3.2097	2.38783	3.73479	3.2097	-3.73479	
0.65	0	-1.39584e-54	0.469059	1.50368	-0.469059	-1.50368	-2.41836	-3.24417	2.41836	3.76954	3.24417	-3.76954	
0.655	0	-8.12358e-62	0.500163	1.52759	-0.500163	-1.52759	-2.44883	-3.27859	2.44883	3.80427	3.27859	-3.80427	
0.66	0	-4.89344e-69	0.529284	1.5515	-0.529284	-1.5515	-2.47923	-3.31296	2.47923	3.83897	3.31296	-3.83897	
0.665	0	-3.02379e-76	0.556802	1.57542	-0.556802	-1.57542	-2.50957	-3.34729	2.50957	3.87364	3.34729	-3.87364	
0.67	0	-1.90541e-83	0.582994	1.59933	-0.582994	-1.59933	-2.53985	-3.38157	2.53985	3.90829	3.38157	-3.90829	
0.675	0	-1.21938e-90	0.608068	1.62324	-0.608068	-1.62324	-2.57007	-3.4158	2.57007	3.94292	3.4158	-3.94292	
0.68	0	-7.9015e-98	0.632187	1.64713	-0.632187	-1.64713	-2.60023	-3.45	2.60023	3.97752	3.45	-3.97752	
0.685	0	-5.173e-105	0.65548	1.67102	-0.65548	-1.67102	-2.63033	-3.48415	2.63033	4.01209	3.48415	-4.01209	
0.69	0	-3.41587e-112	0.678052	1.69488	-0.678052	-1.69488	-2.66037	-3.51826	2.66037	4.04664	3.51826	-4.04664	
0.695	0	-2.27202e-119	0.699989	1.71874	-0.699989	-1.71874	-2.69036	-3.55232	2.69036	4.08117	3.55232	-4.08117	
0.7	0	-1.52062e-126	0.721363	1.74257	-0.721363	-1.74257	-2.7203	-3.58635	2.7203	4.11567	3.58635	-4.11567	
0.705	0	-1.0232e-133	0.742234	1.76638	-0.742234	-1.76638	-2.75019	-3.62034	2.75019	4.15015	3.62034	-4.15015	
0.71	0	-6.91718e-141	0.762655	1.79017	-0.762655	-1.79017	-2.78002	-3.65428	2.78002	4.18461	3.65428	-4.18461	
0.715	0	-4.69549e-148	0.78267	1.81393	-0.78267	-1.81393	-2.8098	-3.68819	2.8098	4.21904	3.68819	-4.21904	
0.72	0	-3.19897e-155	0.802317	1.83766	-0.802317	-1.83766	-2.83954	-3.72206	2.83954	4.25345	3.72206	-4.25345	
0.725	0	-2.18645e-162	0.821632	1.86137	-0.821632	-1.86137	-2.86922	-3.75589	2.86922	4.28784	3.75589	-4.28784	
0.73	0	-1.49872e-169	0.840642	1.88505	-0.840642	-1.88505	-2.89886	-3.78968	2.89886	4.32221	3.78968	-4.32221	
0.735	0	-1.02997e-176	0.859376	1.90869	-0.859376	-1.90869	-2.92845	-3.82344	2.92845	4.35656	3.82344	-4.35656	
0.74	0	-7.09476e-184	0.877856	1.93231	-0.877856	-1.93231	-2.958	-3.85716	2.958	4.39088	3.85716	-4.39088	
0.745	0	-4.8974e-191	0.896103	1.95589	-0.896103	-1.95589	-2.9875	-3.89084	2.9875	4.42519	3.89084	-4.42519	
0.75	0	-3.38705e-198	0.914136	1.97944	-0.914136	-1.97944	-3.01695	-3.92449	3.01695	4.45947	3.92449	-4.45947	
0.755	0	-2.34654e-205	0.931972	2.00295	-0.931972	-2.00295	-3.04637	-3.9581	3.04637	4.49374	3.9581	-4.49374	
0.76	0	-1.62823e-212	0.949627	2.02643	-0.949627	-2.02643	-3.07574	-3.99168	3.07574	4.52798	3.99168	-4.52798	
0.765	0	-1.13141e-219	0.967113	2.04988	-0.967113	-2.04988	-3.10507	-4.02523	3.10507	4.56221	4.02523	-4.56221	
0.77	0	-7.87205e-227	0.984445	2.07329	-0.984445	-2.07329	-3.13435	-4.05874	3.13435	4.59641	4.05874	-4.59641	
0.775	0	-5.48357e-234	1.00163	2.09666	-1.00163	-2.09666	-3.1636	-4.09222	3.1636	4.6306	4.09222	-4.6306	
0.78	0	-3.82382e-241	1.01869	2.12	-1.01869	-2.12	-3.1928	-4.12567	3.1928	4.66476	4.12567	-4.66476	
0.785	0	-2.66897e-248	1.03562	2.1433	-1.03562	-2.1433	-3.22197	-4.15909	3.22197	4.69891	4.15909	-4.69891	
0.79	0	-1.86448e-255	1.05243	2.16656	-1.05243	-2.16656	-3.2511	-4.19248	3.2511	4.73304	4.19248	-4.73304	
0.795	0	-1.30346e-262	1.06914	2.18978	-1.06914	-2.18978	-3.28019	-4.22583	3.28019	4.76715	4.22583	-4.76715	
0.8	0	-9.1184e-270	1.08575	2.21297	-1.08575	-2.21297	-3.30924	-4.25916	3.30924	4.80124	4.25916	-4.80124	
0.805	0	-6.38242e-277	1.10227	2.23612	-1.10227	-2.23612	-3.33826	-4.29245	3.33826	4.83532	4.29245	-4.83532	
0.81	0	-4.46945e-284	1.1187	2.25923	-1.1187	-2.25923	-3.36724	-4.32572	3.36724	4.86938	4.32572	-4.86938	
0.815	0	-3.13103e-291	1.13505	2.28231	-1.13505	-2.28231	-3.39618	-4.35895	3.39618	4.90342	4.35895	-4.90342	
0.82	-1.15255e-24	1.265e-23	1.15132	2.30535	-1.15132	-2.30535	-3.42509	-4.39216	3.42509	4.93744	4.39216	-4.93744	
0.825	-8.86483e-25	9.09301e-24	1.16753	2.32835	-1.16753	-2.32835	-3.45396	-4.42534	3.45396	4.97145	4.42534	-4.97145	
0.83	-1.05101e-24	1.00811e-23	1.18367	2.35132	-1.18367	-2.35132	-3.4828	-4.45849	3.4828	5.00544	4.45849	-5.00544	
0.835	-1.88873e-24	1.69501e-23	1.19975	2.37425	-1.19975	-2.37425	-3.51161	-4.49162	3.51161	5.03941	4.49162	-5.03941	
0.84	1.67881e-24	-1.41039e-23	1.21577	2.39714	-1.21577	-2.39714	-3.54038	-4.52471	3.54038	5.07337	4.52471	-5.07337	
0.845	-1.57687e-24	1.24075e-23	1.23173	2.42	-1.23173	-2.42	-3.56912	-4.55778	3.56912	5.10731	4.55778	-5.10731	
0.85	7.43317e-25	-5.48041e-24	1.24765	2.44282	-1.24765	-2.44282	-3.59783	-4.59083	3.59783	5.14123	4.59083	-5.14123	
0.855	4.47597e-25	-3.0936e-24	1.26351	2.4656	-1.26351	-2.4656	-3.6265	-4.62385	3.6265	5.17514	4.62385	-5.17514	
0.86	3.22658e-24	-2.09134e-23	1.27934	2.48835	-1.27934	-2.48835	-3.65514	-4.65684	3.65514	5.20904	4.65684	-5.20904	
0.865	9.84846e-24	-5.98837e-23	1.29512	2.51107	-1.29512	-2.51107	-3.68376	-4.68981	3.68376	5.24292	4.68981	-5.24292	
0.87	3.41407e-24	-1.94805e-23	1.31086	2.53375	-1.31086	-2.53375	-3.71234	-4.72275	3.71234	5.27678	4.72275	-5.27678	
0.875	5.34173e-24	-2.8609e-23	1.32656	2.55639	-1.32656	-2.55639	-3.74089	-4.75567	3.74089	5.31063	4.75567	-5.31063	
0.88	1.68644e-23	-8.47939e-23	1.34222	2.579	-1.34222	-2.579	-3.76941	-4.78856	3.76941	5.34447	4.78856	-5.34447	
0.885	1.18002e-23	-5.57068e-23	1.35785	2.60158	-1.35785	-2.60158	-3.7979	-4.82143	3.7979	5.37829	4.82143	-5.37829	
0.89	-7.44883e-24	3.30181e-23	1.37345	2.62412	-1.37345	-2.62412	-3.82637	-4.85428	3.82637	5.4121	4.85428	-5.4121	
0.895	-1.03426e-23	4.30444e-23	1.38902	2.64664	-1.38902	-2.64664	-3.8548	-4.8871	3.8548	5.44589	4.8871	-5.44589	
0.9	5.27544e-25	-2.06113e-24	1.40456	2.66911	-1.40456	-2.66911	-3.88321	-4.9199	3.88321	5.47967	4.9199	-5.47967	
0.905	1.91142e-24	-7.00885e-24	1.42007	2.69156	-1.42007	-2.69156	-3.91159	-4.95268	3.91159	5.51343	4.95268	-5.51343	
0.91	7.02264e-25	-2.41577e-24	1.43555	2.71397	-1.43555	-2.71397	-3.93994	-4.98543	3.93994	5.54719	4.98543	-5.54719	
0.915	1.53909e-24	-4.96398e-24	1.451	2.73635	-1.451	-2.73635	-3.96826	-5.01817	3.96826	5.58092	5.01817	-5.58092	
0.92	1.47397e-24	-4.4537e-24	1.46643	2.7587	-1.46643	-2.7587	-3.99656	-5.05088	3.99656	5.61465	5.05088	-5.61465	
0.925	1.94903e-24	-5.51138e-24	1.48184	2.78102	-1.48184	-2.78102	-4.02483	-5.08357	4.02483	5.64836	5.08357	-5.64836	
0.93	2.72356e-24	-7.19754e-24	1.49722	2.8033	-1.49722	-2.8033	-4.05307	-5.11624	4.05307	5.68206	5.11624	-5.68206	
0.935	4.96078e-25	-1.22296e-24	1.51257	2.82556	-1.51257	-2.82556	-4.08129	-5.14888	4.08129	5.71575	5.14888	-5.71575	
0.94	3.49371e-24	-8.0152e-24	1.5279	2.84778	-1.5279	-2.84778	-4.10948	-5.18151	4.10948	5.74942	5.18151	-5.74942	
0.945	2.10983e-24	-4.48988e-24	1.54321	2.86998	-1.54321	-2.86998	-4.13765	-5.21412	4.13765	5.78308	5.21412	-5.78308	
0.95	-1.60043e-23	3.14514e-23	1.5585	2.89214	-1.5585	-2.89214	-4.16579	-5.24671	4.16579	5.81673	5.24671	-5.81673	
0.955	1.2785e-23	-2.30525e-23	1.57376	2.91428	-1.57376	-2.91428	-4.19391	-5.27927	4.19391	5.85037	5.27927	-5.85037	
0.96	-1.13102e-23	1.85245e-23	1.58901	2.93639	-1.58901	-2.93639	-4.222	-5.31182	4.222	5.884	5.31182	-5.884	
0.965	-1.74919e-24	2.55649e-24	1.60423	2.95847	-1.60423	-2.95847	-4.25007	-5.34435	4.25007	5.91761	5.34435	-5.91761	
0.97	5.32535e-25	-6.64542e-25	1.61942	2.98052	-1.61942	-2.98052	-4.27812	-5.37686	4.27812	5.95122	5.37686	-5.95122	
0.975	0.0728366	-0.0728366	1.6346	3.00254	-1.6346	-3.00254	-4.30614	-5.40935	4.30614	5.98481	5.40935	-5.98481	
0.98	0.12906	-0.12906	1.64976	3.02453	-1.64976	-3.02453	-4.33414	-5.44182	4.33414	6.01839	5.44182	-6.01839	
0.985	0.167121	-0.167121	1.66489	3.0465	-1.66489	-3.0465	-4.36212	-5.47427	4.36212	6.05196	5.47427	-6.05196	
0.99	0.197801	-0.197801	1.68	3.06844	-1.68	-3.06844	-4.39007	-5.5067	4.39007	6.08551	5.5067	-6.08551	
0.995	0.224155	-0.224155	1.69509	3.09035	-1.69509	-3.09035	-4.418	-5.53912	4.418	6.11906	5.53912	-6.11906	
1	0.24757	-0.24757	1.71016	3.11224	-1.71016	-3.11224	-4.44591	-5.57152	4.44591	6.1526	5.57152	-6.1526	
1.005	0.268819	-0.268819	1.72521	3.1341	-1.72521	-3.1341	-4.4738	-5.6039	4.4738	6.18612	5.6039	-6.18612	
1.01	0.288383	-0.288383	1.74023	3.15593	-1.74023	-3.15593	-4.50167	-5.63627	4.50167	6.21964	5.63627	-6.21964	
1.015	0.306587	-0.306587	1.75523	3.17774	-1.75523	-3.17774	-4.52951	-5.66861	4.52951	6.25314	5.66861	-6.25314	
1.02	0.323664	-0.323664	1.77021	3.19952	-1.77021	-3.19952	-4.55733	-5.70094	4.55733	6.28663	5.70094	-6.28663	
1.025	0.339785	-0.339785	1.78517	3.22128	-1.78517	-3.22128	-4.58514	-5.73326	4.58514	6.32012	5.73326	-6.32012	
1.03	0.355084	-0.355084	1.80011	3.24301	-1.80011	-3.24301	-4.61292	-5.76555	4.61292	6.35359	5.76555	-6.35359	
1.035	0.369663	-0.369663	1.81502	3.26472	-1.81502	-3.26472	-4.64068	-5.79784	4.64068	6.38706	5.79784	-6.38706	
1.04	0.383609	-0.383609	1.82991	3.28641	-1.82991	-3.28641	-4.66842	-5.8301	4.66842	6.42051	5.8301	-6.42051	
1.045	0.396988	-0.396988	1.84478	3.30807	-1.84478	-3.30807	-4.69614	-5.86235	4.69614	6.45396	5.86235	-6.45396	
1.05	0.40986	-0.40986	1.85962	3.3297	-1.85962	-3.3297	-4.72385	-5.89458	4.72385	6.48739	5.89458	-6.48739	
1.055	0.422272	-0.422272	1.87444	3.35131	-1.87444	-3.35131	-4.75153	-5.9268	4.75153	6.52082	5.9268	-6.52082	
1.06	0.434266	-0.434266	1.88924	3.3729	-1.88924	-3.3729	-4.77919	-5.959	4.77919	6.55423	5.959	-6.55423	
1.065	0.445877	-0.445877	1.90401	3.39447	-1.90401	-3.39447	-4.80684	-5.99119	4.80684	6.58764	5.99119	-6.58764	
1.07	0.457137	-0.457137	1.91877	3.41601	-1.91877	-3.41601	-4.83446	-6.02336	4.83446	6.62104	6.02336	-6.62104	
1.075	0.468072	-0.468072	1.93349	3.43753	-1.93349	-3.43753	-4.86207	-6.05552	4.86207	6.65443	6.05552	-6.65443	
1.08	0.478706	-0.478706	1.9482	3.45903	-1.9482	-3.45903	-4.88966	-6.08766	4.88966	6.68781	6.08766	-6.68781	
1.085	0.489061	-0.489061	1.96288	3.48051	-1.96288	-3.48051	-4.91723	-6.11979	4.91723	6.72118	6.11979	-6.72118	
1.09	0.499157	-0.499157	1.97753	3.50196	-1.97753	-3.50196	-4.94478	-6.1519	4.94478	6.75454	6.1519	-6.75454	
1.095	0.509009	-0.509009	1.99217	3.5234	-1.99217	-3.5234	-4.97232	-6.184	4.97232	6.78789	6.184	-6.78789	
1.1	0.518633	-0.518633	2.00677	3.54481	-2.00677	-3.54481	-4.99983	-6.21609	4.99983	6.82124	6.21609	-6.82124	
1.105	0.528044	-0.528044	2.02136	3.5662	-2.02136	-3.5662	-5.02733	-6.24816	5.02733	6.85458	6.24816	-6.85458	
1.11	0.537254	-0.537254	2.03592	3.58757	-2.03592	-3.58757	-5.05482	-6.28022	5.05482	6.8879	6.28022	-6.8879	
1.115	0.546274	-0.546274	2.05045	3.60892	-2.05045	-3.60892	-5.08228	-6.31226	5.08228	6.92123	6.31226	-6.92123	
1.12	0.555116	-0.555116	2.06497	3.63024	-2.06497	-3.63024	-5.10973	-6.3443	5.10973	6.95454	6.3443	-6.95454	
1.125	0.563789	-0.563789	2.07945	3.65155	-2.07945	-3.65155	-5.13716	-6.37631	5.13716	6.98784	6.37631	-6.98784	
1.13	0.572301	-0.572301	2.09392	3.67284	-2.09392	-3.67284	-5.16458	-6.40832	5.16458	7.02114	6.40832	-7.02114	
1.135	0.580662	-0.580662	2.10836	3.69411	-2.10836	-3.69411	-5.19198	-6.44031	5.19198	7.05443	6.44031	-7.05443	
1.14	0.588879	-0.588879	2.12277	3.71536	-2.12277	-3.71536	-5.21936	-6.47229	5.21936	7.08771	6.47229	-7.08771	
1.145	0.596959	-0.596959	2.13716	3.73659	-2.13716	-3.73659	-5.24673	-6.50426	5.24673	7.12098	6.50426	-7.12098	
1.15	0.604909	-0.604909	2.15153	3.7578	-2.15153	-3.7578	-5.27408	-6.53621	5.27408	7.15424	6.53621	-7.15424	
1.155	0.612734	-0.612734	2.16587	3.77899	-2.16587	-3.77899	-5.30142	-6.56816	5.30142	7.1875	6.56816	-7.1875	
1.16	0.620442	-0.620442	2.18019	3.80016	-2.18019	-3.80016	-5.32874	-6.60009	5.32874	7.22075	6.60009	-7.22075	
1.165	0.628036	-0.628036	2.19449	3.82131	-2.19449	-3.82131	-5.35604	-6.632	5.35604	7.254	6.632	-7.254	
1.17	0.635523	-0.635523	2.20876	3.84245	-2.20876	-3.84245	-5.38333	-6.66391	5.38333	7.28723	6.66391	-7.28723	
1.175	0.642907	-0.642907	2.223	3.86356	-2.223	-3.86356	-5.41061	-6.6958	5.41061	7.32046	6.6958	-7.32046	
1.18	0.650192	-0.650192	2.23723	3.88466	-2.23723	-3.88466	-5.43787	-6.72769	5.43787	7.35368	6.72769	-7.35368	
1.185	0.657382	-0.657382	2.25143	3.90574	-2.25143	-3.90574	-5.46512	-6.75956	5.46512	7.3869	6.75956	-7.3869	
1.19	0.664482	-0.664482	2.2656	3.9268	-2.2656	-3.9268	-5.49235	-6.79142	5.49235	7.4201	6.79142	-7.4201	
1.195	0.671496	-0.671496	2.27976	3.94785	-2.27976	-3.94785	-5.51956	-6.82326	5.51956	7.4533	6.82326	-7.4533	
1.2	0.678426	-0.678426	2.29389	3.96888	-2.29389	-3.96888	-5.54677	-6.8551	5.54677	7.4865	6.8551	-7.4865	
1.205	0.685276	-0.685276	2.30799	3.98989	-2.30799	-3.98989	-5.57396	-6.88693	5.57396	7.51968	6.88693	-7.51968	
1.21	0.692049	-0.692049	2.32208	4.01088	-2.32208	-4.01088	-5.60113	-6.91874	5.60113	7.55286	6.91874	-7.55286	
1.215	0.698749	-0.698749	2.33614	4.03186	-2.33614	-4.03186	-5.62829	-6.95055	5.62829	7.58604	6.95055	-7.58604	
1.22	0.705378	-0.705378	2.35017	4.05282	-2.35017	-4.05282	-5.65544	-6.98234	5.65544	7.6192	6.98234	-7.6192	
1.225	0.711938	-0.711938	2.36419	4.07376	-2.36419	-4.07376	-5.68257	-7.01412	5.68257	7.65236	7.01412	-7.65236	
1.23	0.718433	-0.718433	2.37818	4.09469	-2.37818	-4.09469	-5.70969	-7.04589	5.70969	7.68552	7.04589	-7.68552	
1.235	0.724864	-0.724864	2.39215	4.1156	-2.39215	-4.1156	-5.7368	-7.07766	5.7368	7.71867	7.07766	-7.71867	
1.24	0.731235	-0.731235	2.4061	4.13649	-2.4061	-4.13649	-5.7639	-7.10941	5.7639	7.75181	7.10941	-7.75181	
1.245	0.737546	-0.737546	2.42003	4.15737	-2.42003	-4.15737	-5.79098	-7.14115	5.79098	7.78494	7.14115	-7.78494	
1.25	0.743801	-0.743801	2.43393	4.17823	-2.43393	-4.17823	-5.81805	-7.17288	5.81805	7.81807	7.17288	-7.81807	
1.255	0.750001	-0.750001	2.44782	4.19908	-2.44782	-4.19908	-5.8451	-7.2046	5.8451	7.85119	7.2046	-7.85119	
1.26	0.756149	-0.756149	2.46168	4.21991	-2.46168	-4.21991	-5.87214	-7.23631	5.87214	7.88431	7.23631	-7.88431	
1.265	0.762245	-0.762245	2.47552	4.24073	-2.47552	-4.24073	-5.89918	-7.26801	5.89918	7.91742	7.26801	-7.91742	
1.27	0.768292	-0.768292	2.48934	4.26153	-2.48934	-4.26153	-5.92619	-7.29971	5.92619	7.95053	7.29971	-7.95053	
1.275	0.774291	-0.774291	2.50313	4.28232	-2.50313	-4.28232	-5.9532	-7.33139	5.9532	7.98363	7.33139	-7.98363	
1.28	0.780244	-0.780244	2.51691	4.30309	-2.51691	-4.30309	-5.98019	-7.36306	5.98019	8.01672	7.36306	-8.01672	
1.285	0.786152	-0.786152	2.53067	4.32385	-2.53067	-4.32385	-6.00718	-7.39472	6.00718	8.04981	7.39472	-8.04981	
1.29	0.792018	-0.792018	2.5444	4.34459	-2.5444	-4.34459	-6.03415	-7.42638	6.03415	8.08289	7.42638	-8.08289	
1.295	0.797841	-0.797841	2.55812	4.36532	-2.55812	-4.36532	-6.06111	-7.45802	6.06111	8.11597	7.45802	-8.11597	
1.3	0.803625	-0.803625	2.57181	4.38603	-2.57181	-4.38603	-6.08805	-7.48966	6.08805	8.14904	7.48966	-8.14904	
1.305	0.809369	-0.809369	2.58549	4.40673	-2.58549	-4.40673	-6.11499	-7.52129	6.11499	8.1821	7.52129	-8.1821	
1.31	0.815075	-0.815075	2.59915	4.42742	-2.59915	-4.42742	-6.14191	-7.55291	6.14191	8.21516	7.55291	-8.21516	
1.315	0.820744	-0.820744	2.61278	4.44809	-2.61278	-4.44809	-6.16883	-7.58451	6.16883	8.24822	7.58451	-8.24822	
1.32	0.826378	-0.826378	2.6264	4.46875	-2.6264	-4.46875	-6.19573	-7.61611	6.19573	8.28127	7.61611	-8.28127	
1.325	0.831977	-0.831977	2.64	4.48939	-2.64	-4.48939	-6.22262	-7.64771	6.22262	8.31431	7.64771	-8.31431	
1.33	0.837542	-0.837542	2.65358	4.51002	-2.65358	-4.51002	-6.2495	-7.67929	6.2495	8.34735	7.67929	-8.34735	
1.335	0.843075	-0.843075	2.66714	4.53064	-2.66714	-4.53064	-6.27637	-7.71086	6.27637	8.38038	7.71086	-8.38038	
1.34	0.848576	-0.848576	2.68068	4.55125	-2.68068	-4.55125	-6.30322	-7.74243	6.30322	8.41341	7.74243	-8.41341	
1.345	0.854047	-0.854047	2.6942	4.57184	-2.6942	-4.57184	-6.33007	-7.77399	6.33007	8.44644	7.77399	-8.44643	
1.35	0.859488	-0.859488	2.70771	4.59242	-2.70771	-4.59242	-6.35691	-7.80554	6.35691	8.47945	7.80554	-8.47945	
1.355	0.8649	-0.8649	2.7212	4.61298	-2.7212	-4.61298	-6.38374	-7.83708	6.38374	8.51247	7.83708	-8.51247	
1.36	0.870284	-0.870284	2.73466	4.63354	-2.73466	-4.63354	-6.41055	-7.86861	6.41055	8.54548	7.86861	-8.54548	
1.365	0.87564	-0.87564	2.74812	4.65408	-2.74812	-4.65408	-6.43736	-7.90014	6.43736	8.57848	7.90014	-8.57848	
1.37	0.88097	-0.88097	2.76155	4.67461	-2.76155	-4.67461	-6.46415	-7.93166	6.46415	8.61148	7.93166	-8.61148	
1.375	0.886274	-0.886274	2.77497	4.69512	-2.77497	-4.69512	-6.49094	-7.96317	6.49094	8.64447	7.96317	-8.64447	
1.38	0.891552	-0.891552	2.78837	4.71562	-2.78837	-4.71562	-6.51771	-7.99467	6.51771	8.67746	7.99467	-8.67746	
1.385	0.896807	-0.896807	2.80175	4.73612	-2.80175	-4.73612	-6.54448	-8.02616	6.54448	8.71044	8.02616	-8.71044	
1.39	0.902037	-0.902037	2.81512	4.7566	-2.81512	-4.7566	-6.57124	-8.05765	6.57124	8.74342	8.05765	-8.74342	
1.395	0.907244	-0.907244	2.82847	4.77706	-2.82847	-4.77706	-6.59798	-8.08913	6.59798	8.7764	8.08913	-8.7764	
1.4	0.912429	-0.912429	2.8418	4.79752	-2.8418	-4.79752	-6.62472	-8.1206	6.62472	8.80937	8.1206	-8.80937	
1.405	0.917592	-0.917592	2.85512	4.81796	-2.85512	-4.81796	-6.65145	-8.15206	6.65145	8.84234	8.15206	-8.84234	
1.41	0.922733	-0.922733	2.86842	4.8384	-2.86842	-4.8384	-6.67816	-8.18352	6.67816	8.8753	8.18352	-8.8753	
1.415	0.927853	-0.927853	2.8817	4.85882	-2.8817	-4.85882	-6.70487	-8.21497	6.70487	8.90826	8.21497	-8.90826	
1.42	0.932953	-0.932953	2.89497	4.87923	-2.89497	-4.87923	-6.73157	-8.24641	6.73157	8.94121	8.24641	-8.94121	
1.425	0.938033	-0.938033	2.90823	4.89963	-2.90823	-4.89963	-6.75826	-8.27785	6.75826	8.97416	8.27785	-8.97416	
1.43	0.943094	-0.943094	2.92147	4.92001	-2.92147	-4.92001	-6.78494	-8.30927	6.78494	9.0071	8.30927	-9.0071	
1.435	0.948136	-0.948136	2.93469	4.94039	-2.93469	-4.94039	-6.81161	-8.3407	6.81161	9.04004	8.3407	-9.04004	
1.44	0.95316	-0.95316	2.9479	4.96076	-2.9479	-4.96076	-6.83828	-8.37211	6.83828	9.07298	8.37211	-9.07298	
1.445	0.958165	-0.958165	2.96109	4.98111	-2.96109	-4.98111	-6.86493	-8.40352	6.86493	9.10591	8.40352	-9.10591	
1.45	0.963154	-0.963154	2.97427	5.00145	-2.97427	-5.00145	-6.89158	-8.43492	6.89158	9.13883	8.43492	-9.13883	
1.455	0.968125	-0.968125	2.98744	5.02179	-2.98744	-5.02179	-6.91821	-8.46631	6.91821	9.17176	8.46631	-9.17176	
1.46	0.973079	-0.973079	3.00059	5.04211	-3.00059	-5.04211	-6.94484	-8.4977	6.94484	9.20468	8.4977	-9.20468	
1.465	0.978017	-0.978017	3.01373	5.06242	-3.01373	-5.06242	-6.97146	-8.52908	6.97146	9.23759	8.52908	-9.23759	
1.47	0.982939	-0.982939	3.02685	5.08272	-3.02685	-5.08272	-6.99807	-8.56045	6.99807	9.2705	8.56045	-9.2705	
1.475	0.987846	-0.987846	3.03996	5.10302	-3.03996	-5.10302	-7.02468	-8.59182	7.02468	9.30341	8.59182	-9.30341	
1.48	0.992737	-0.992737	3.05305	5.1233	-3.05305	-5.1233	-7.05127	-8.62318	7.05127	9.33631	8.62318	-9.33631	
1.485	0.997614	-0.997614	3.06613	5.14357	-3.06613	-5.14357	-7.07786	-8.65453	7.07786	9.36921	8.65453	-9.36921	
1.49	1.00248	-1.00248	3.0792	5.16383	-3.0792	-5.16383	-7.10443	-8.68588	7.10443	9.40211	8.68588	-9.40211	
1.495	1.00732	-1.00732	3.09226	5.18408	-3.09226	-5.18408	-7.131	-8.71722	7.131	9.435	8.71722	-9.435	
1.5	1.01216	-1.01216	3.1053	5.20433	-3.1053	-5.20433	-7.15757	-8.74856	7.15757	9.46789	8.74856	-9.46789	
