0.01	1	1	0	1	0	0	1	0	0	0	1	0	0	0	0	
0.015	1	1	0	1	0	0	1	0	0	0	1	0	0	0	0	
0.02	1	1	0	1	0	0	1	0	0	0	1	0	0	0	0	
0.025	1	1	0	1	0	0	1	0	0	0	1	0	0	0	0	
0.03	1	1	0	1	0	0	1	0	0	0	1	0	0	0	0	
0.035	1	1	0	1	0	0	1	0	0	0	1	0	0	0	0	
0.04	1	1	0	1	0	0	1	0	0	0	1	0	0	0	0	
0.045	1	1	0	1	0	0	1	0	0	0	1	0	0	0	0	
0.05	1	1	0	1	0	0	1	0	0	0	1	0	0	0	0	
0.055	1	1	0	1	0	0	1	0	0	0	1	0	0	0	0	
0.06	1	1	0	1	0	0	1	0	0	0	1	0	0	0	0	
0.065	1	1	0	1	0	0	1	0	0	0	1	0	0	0	0	
0.07	1	1	0	1	0	0	1	0	0	0	1	0	0	0	0	
0.075	1	1	0	1	0	0	1	0	0	0	1	0	0	0	0	
0.08	1	1	0	1	0	0	1	0	0	0	1	0	0	0	0	
0.085	1	1	0	1	0	0	1	0	0	0	1	0	0	0	0	
0.09	1	1	0	1	0	0	1	0	0	0	1	0	0	0	0	
0.095	1	1	0	1	0	0	1	0	0	0	1	0	0	0	0	
0.1	1	1	0	1	0	0	1	0	0	0	1	0	0	0	0	
0.105	1	1	0	1	0	0	1	0	0	0	1	0	0	0	0	
0.11	1	1	0	1	0	0	1	0	0	0	1	0	0	0	0	
0.115	1	1	0	1	0	0	1	0	0	0	1	0	0	0	0	
0.12	1	1	0	1	0	0	1	0	0	0	1	0	0	0	0	
0.125	1	1	0	1	0	0	1	0	0	0	1	0	0	0	0	
0.13	1	1	0	1	0	0	1	0	0	0	1	0	0	0	0	
0.135	1	1	0	1	0	0	1	0	0	0	1	0	0	0	0	
0.14	1	1	0	1	0	0	1	0	0	0	1	0	0	0	0	
0.145	1	1	0	1	0	0	1	0	0	0	1	0	0	0	0	
0.15	1	1	0	1	0	0	1	0	0	0	1	0	0	0	0	
0.155	1	1	0	1	0	0	1	0	0	0	1	0	0	0	0	
0.16	1	1	0	1	0	0	1	0	0	0	1	0	0	0	0	
0.165	1	1	0	1	0	0	1	0	0	0	1	0	0	0	0	
0.17	1	1	0	1	0	0	1	0	0	0	1	0	0	0	0	
0.175	1	1	0	1	0	0	1	0	0	0	1	0	0	0	0	
0.18	1	1	0	1	0	0	1	0	0	0	1	0	0	0	0	
0.185	1	1	0	1	0	0	1	0	0	0	1	0	0	0	0	
0.19	1	1	0	1	0	0	1	0	0	0	1	0	0	0	0	
0.195	1	1	0	1	0	0	1	0	0	0	1	0	0	0	0	
0.2	1	1	0	1	0	0	1	0	0	0	1	0	0	0	0	
0.205	1	1	0	1	0	0	1	0	0	0	1	0	0	0	0	
0.21	1	1	0	1	0	0	1	0	0	0	1	0	0	0	0	
0.215	1	1	0	1	0	0	1	0	0	0	1	0	0	0	0	
0.22	1	1	0	1	0	0	1	0	0	0	1	0	0	0	0	
0.225	1	1	0	1	0	0	1	0	0	0	1	0	0	0	0	
0.23	1	1	0	1	0	0	1	0	0	0	1	0	0	0	0	
0.235	1	1	0	1	0	0	1	0	0	0	1	0	0	0	0	
0.24	1	1	0	1	0	0	1	0	0	0	1	0	0	0	0	
0.245	1	1	0	1	0	0	1	0	0	0	1	0	0	0	0	
0.25	1	1	0	1	0	0	1	0	0	0	1	0	0	0	0	
0.255	1	1	0	1	0	0	1	0	0	0	1	0	0	0	0	
0.26	1	1	0	1	0	0	1	0	0	0	1	0	0	0	0	
0.265	1	1	0	1	0	0	1	0	0	0	1	0	0	0	0	
0.27	1	1	0	1	0	0	1	0	0	0	1	0	0	0	0	
0.275	1	1	0	1	0	0	1	0	0	0	1	0	0	0	0	
0.28	1	1	0	1	0	0	1	0	0	0	1	0	0	0	0	
0.285	1	1	0	1	0	0	1	0	0	0	1	0	0	0	0	
0.29	1	1	0	1	0	0	1	0	0	0	1	0	0	0	0	
0.295	1	1	0	1	0	0	1	0	0	0	1	0	0	0	0	
0.3	1	1	0	1	0	0	1	0	0	0	1	0	0	0	0	
0.305	1	1	0	1	0	0	1	0	0	0	1	0	0	0	0	
0.31	1	1	0	1	0	0	1	0	0	0	1	0	0	0	0	
0.315	1	1	0	1	0	0	1	0	0	0	1	0	0	0	0	
0.32	1	1	0	1	0	0	1	0	0	0	1	0	0	0	0	
0.325	1	1	0	1	0	0	1	0	0	0	1	0	0	0	0	
0.33	1	1	0	1	0	0	1	0	0	0	1	0	0	0	0	
0.335	1	1	0	1	0	0	1	0	0	0	1	0	0	0	0	
0.34	1	1	0	1	0	0	1	0	0	0	1	0	0	0	0	
0.345	1	1	0	1	0	0	1	0	0	0	1	0	0	0	0	
0.35	1	1	0	1	0	0	1	0	0	0	1	0	0	0	0	
0.355	1	1	0	1	0	0	1	0	0	0	1	0	0	0	0	
0.36	1	1	0	1	0	0	1	0	0	0	1	0	0	0	0	
0.365	1	1	0	1	0	0	1	0	0	0	1	0	0	0	0	
0.37	1	1	0	1	0	0	1	0	0	0	1	0	0	0	0	
0.375	1	1	0	1	0	0	1	0	0	0	1	0	0	0	0	
0.38	1	1	0	1	0	0	1	0	0	0	1	0	0	0	0	
0.385	1	1	0	1	0	0	1	0	0	0	1	0	0	0	0	
0.39	1	1	0	1	0	0	1	0	0	0	1	0	0	0	0	
0.395	1	1	0	1	0	0	1	0	0	0	1	0	0	0	0	
0.4	1	1	0	1	0	0	1	0	0	0	1	0	0	0	0	
0.405	1	1	0	1	0	0	1	0	0	0	1	0	0	0	0	
0.41	1	1	0	1	0	0	1	0	0	0	1	0	0	0	0	
0.415	1	1	0	1	0	0	1	0	0	0	1	0	0	0	0	
0.42	1	1	0	1	0	0	1	0	0	0	1	0	0	0	0	
0.425	1	1	0	1	0	0	1	0	0	0	1	0	0	0	0	
0.43	1	1	0	1	0	0	1	0	0	0	1	0	0	0	0	
0.435	1	1	0	1	0	0	1	0	0	0	1	0	0	0	0	
0.44	1	1	0	1	0	0	1	0	0	0	1	0	0	0	0	
0.445	1	1	0	1	0	0	1	0	0	0	1	0	0	0	0	
0.45	1	1	0	1	0	0	1	0	0	0	1	0	0	0	0	
0.455	1	1	0	1	0	0	1	0	0	0	1	0	0	0	0	
0.46	1	1	0	1	0	0	1	0	0	0	1	0	0	0	0	
0.465	1	1	0	1	0	0	1	0	0	0	1	0	0	0	0	
0.47	1	1	0	1	0	0	1	0	0	0	1	0	0	0	0	
0.475	1	1	0	1	0	0	1	0	0	0	1	0	0	0	0	
0.48	1	1	0	1	0	0	1	0	0	0	1	0	0	0	0	
0.485	1	1	0	1	0	0	1	0	0	0	1	0	0	0	0	
0.49	1	1	0	1	0	0	1	0	0	0	1	0	0	0	0	
0.495	1	1	0	1	0	0	1	0	0	0	1	0	0	0	0	
0.5	1	1	0	1	0	0	1	0	0	0	1	0	0	0	0	
0.505	1	1	0	1	0	0	1	0	0	0	1	0	0	0	0	
0.51	1	1	0	1	0	0	1	0	0	0	1	0	0	0	0	
0.515	1	1	0	1	0	0	1	0	0	0	1	0	0	0	0	
0.52	1	1	0	1	0	0	1	0	0	0	1	0	0	0	0	
0.525	1	1	0	1	0	0	1	0	0	0	1	0	0	0	0	
0.53	1	1	0	1	0	0	1	0	0	0	1	0	0	0	0	
0.535	1	1	0	1	0	0	1	0	0	0	1	0	0	0	0	
0.54	1	1	0	1	0	0	1	0	0	0	1	0	0	0	0	
0.545	1	1	0	1	0	0	1	0	0	0	1	0	0	0	0	
0.55	1	1	0	1	0	0	1	0	0	0	1	0	0	0	0	
0.555	1	1	0	1	0	0	1	0	0	0	1	0	0	0	0	
0.56	1	1	0	1	0	0	1	0	0	0	1	0	0	0	0	
0.565	1	1	0	1	0	0	1	0	0	0	1	0	0	0	0	
0.57	1	1	0	1	0	0	1	0	0	0	1	0	0	0	0	
0.575	1	1	0	1	0	0	1	0	0	0	1	0	0	0	0	
0.58	1	1	0	1	0	0	1	0	0	0	1	0	0	0	0	
0.585	1	1	0	1	0	0	1	0	0	0	1	0	0	0	0	
0.59	1	1	0	1	0	0	1	0	0	0	1	0	0	0	0	
0.595	1	1	0	1	0	0	1	0	0	0	1	0	0	0	0	
0.6	1	1	0	1	0	0	1	0	0	0	1	0	0	0	0	
0.605	1	1	0	1	0	0	1	0	0	0	1	0	0	0	0	
0.61	1	1	0	1	0	0	1	0	0	0	1	0	0	0	0	
0.615	1	1	0	1	0	0	1	0	0	0	1	0	0	0	0	
0.62	1	1	0	1	0	0	1	0	0	0	1	0	0	0	0	
0.625	1	1	0	1	0	0	1	0	0	0	1	0	0	0	0	
0.63	1	1	0	1	0	0	1	0	0	0	1	0	0	0	0	
0.635	1	1	0	1	0	0	1	0	0	0	1	0	0	0	0	
0.64	1	1	0	1	0	0	1	0	0	0	1	0	0	0	0	
0.645	1	1	0	1	0	0	1	0	0	0	1	0	0	0	0	
0.65	1	1	0	1	0	0	1	0	0	0	1	0	0	0	0	
0.655	1	1	0	1	0	0	1	0	0	0	1	0	0	0	0	
0.66	1	1	0	1	0	0	1	0	0	0	1	0	0	0	0	
0.665	1	1	0	1	0	0	1	0	0	0	1	0	0	0	0	
0.67	1	1	0	1	0	0	1	0	0	0	1	0	0	0	0	
0.675	1	1	0	1	0	0	1	0	0	0	1	0	0	0	0	
0.68	1	1	0	1	0	0	1	0	0	0	1	0	0	0	0	
0.685	1	1	0	1	0	0	1	0	0	0	1	0	0	0	0	
0.69	1	1	0	1	0	0	1	0	0	0	1	0	0	0	0	
0.695	1	1	0	1	0	0	1	0	0	0	1	0	0	0	0	
0.7	1	1	0	1	0	0	1	0	0	0	1	0	0	0	0	
0.705	1	1	0	1	0	0	1	0	0	0	1	0	0	0	0	
0.71	1	1	0	1	0	0	1	0	0	0	1	0	0	0	0	
0.715	1	1	0	1	0	0	1	0	0	0	1	0	0	0	0	
0.72	1	1	0	1	0	0	1	0	0	0	1	0	0	0	0	
0.725	1	1	0	1	0	0	1	0	0	0	1	0	0	0	0	
0.73	1	1	0	1	0	0	1	0	0	0	1	0	0	0	0	
0.735	1	1	0	1	0	0	1	0	0	0	1	0	0	0	0	
0.74	1	1	0	1	0	0	1	0	0	0	1	0	0	0	0	
0.745	1	1	0	1	0	0	1	0	0	0	1	0	0	0	0	
0.75	1	1	0	1	0	0	1	0	0	0	1	0	0	0	0	
0.755	1	1	0	1	0	0	1	0	0	0	1	0	0	0	0	
0.76	1	1	0	1	0	0	1	0	0	0	1	0	0	0	0	
0.765	1	1	0	1	0	0	1	0	0	0	1	0	0	0	0	
0.77	1	1	0	1	0	0	1	0	0	0	1	0	0	0	0	
0.775	1	1	0	1	0	0	1	0	0	0	1	0	0	0	0	
0.78	1	1	0	1	0	0	1	0	0	0	1	0	0	0	0	
0.785	1	1	0	1	0	0	1	0	0	0	1	0	0	0	0	
0.79	1	1	0	1	0	0	1	0	0	0	1	0	0	0	0	
0.795	1	1	0	1	0	0	1	0	0	0	1	0	0	0	0	
0.8	1	1	0	1	0	0	1	0	0	0	1	0	0	0	0	
0.805	1	1	0	1	0	0	1	0	0	0	1	0	0	0	0	
0.81	1	1	0	1	0	0	1	0	0	0	1	0	0	0	0	
0.815	1	1	0	1	0	0	1	0	0	0	1	0	0	0	0	
0.82	1	1	0	1	0	0	1	0	0	0	1	0	0	0	0	
0.825	1	1	0	1	0	0	1	0	0	0	1	0	0	0	0	
0.83	1	1	0	1	0	0	1	0	0	0	1	0	0	0	0	
0.835	1	1	0	1	0	0	1	0	0	0	1	0	0	0	0	
0.84	1	1	0	1	0	0	1	0	0	0	1	0	0	0	0	
0.845	1	1	0	1	0	0	1	0	0	0	1	0	0	0	0	
0.85	1	1	0	1	0	0	1	0	0	0	1	0	0	0	0	
0.855	1	1	0	1	0	0	1	0	0	0	1	0	0	0	0	
0.86	1	1	0	1	0	0	1	0	0	0	1	0	0	0	0	
0.865	1	1	0	1	0	0	1	0	0	0	1	0	0	0	0	
0.87	1	1	0	1	0	0	1	0	0	0	1	0	0	0	0	
0.875	1	1	0	1	0	0	1	0	0	0	1	0	0	0	0	
0.88	1	1	0	1	0	0	1	0	0	0	1	0	0	0	0	
0.885	1	1	0	1	0	0	1	0	0	0	1	0	0	0	0	
0.89	1	1	0	1	0	0	1	0	0	0	1	0	0	0	0	
0.895	1	1	0	1	0	0	1	0	0	0	1	0	0	0	0	
0.9	1	1	0	1	0	0	1	0	0	0	1	0	0	0	0	
0.905	1	1	0	1	0	0	1	0	0	0	1	0	0	0	0	
0.91	1	1	0	1	0	0	1	0	0	0	1	0	0	0	0	
0.915	1	1	0	1	0	0	1	0	0	0	1	0	0	0	0	
0.92	1	1	0	1	0	0	1	0	0	0	1	0	0	0	0	
0.925	1	1	0	1	0	0	1	0	0	0	1	0	0	0	0	
0.93	1	1	0	1	0	0	1	0	0	0	1	0	0	0	0	
0.935	1	1	0	1	0	0	1	0	0	0	1	0	0	0	0	
0.94	1	1	0	1	0	0	1	0	0	0	1	0	0	0	0	
0.945	1	1	0	1	0	0	1	0	0	0	1	0	0	0	0	
0.95	1	1	0	1	0	0	1	0	0	0	1	0	0	0	0	
0.955	1	1	0	1	0	0	1	0	0	0	1	0	0	0	0	
0.96	1	1	0	1	0	0	1	0	0	0	1	0	0	0	0	
0.965	1	1	0	1	0	0	1	0	0	0	1	0	0	0	0	
0.97	1	1	0	1	0	0	1	0	0	0	1	0	0	0	0	
0.975	1	1	0	1	0	0	1	0	0	0	1	0	0	0	0	
0.98	1	1	0	1	0	0	1	0	0	0	1	0	0	0	0	
0.985	1	1	0	1	0	0	1	0	0	0	1	0	0	0	0	
0.99	1	1	0	1	0	0	1	0	0	0	1	0	0	0	0	
0.995	1	1	0	1	0	0	1	0	0	0	1	0	0	0	0	
1	1	1	0	1	0	0	1	0	0	0	1	0	0	0	0	
1.005	1	1	0	1	0	0	1	0	0	0	1	0	0	0	0	
1.01	1	1	0	1	0	0	1	0	0	0	1	0	0	0	0	
1.015	1	1	0	1	0	0	1	0	0	0	1	0	0	0	0	
1.02	1	1	0	1	0	0	1	0	0	0	1	0	0	0	0	
1.025	1	1	0	1	0	0	1	0	0	0	1	0	0	0	0	
1.03	1	1	0	1	0	0	1	0	0	0	1	0	0	0	0	
1.035	1	1	0	1	0	0	1	0	0	0	1	0	0	0	0	
1.04	1	1	0	1	0	0	1	0	0	0	1	0	0	0	0	
1.045	1	1	0	1	0	0	1	0	0	0	1	0	0	0	0	
1.05	1	1	0	1	0	0	1	0	0	0	1	0	0	0	0	
1.055	1	1	0	1	0	0	1	0	0	0	1	0	0	0	0	
1.06	1	1	0	1	0	0	1	0	0	0	1	0	0	0	0	
1.065	1	1	0	1	0	0	1	0	0	0	1	0	0	0	0	
1.07	1	1	0	1	0	0	1	0	0	0	1	0	0	0	0	
1.075	1	1	0	1	0	0	1	0	0	0	1	0	0	0	0	
1.08	1	1	0	1	0	0	1	0	0	0	1	0	0	0	0	
1.085	1	1	0	1	0	0	1	0	0	0	1	0	0	0	0	
1.09	1	1	0	1	0	0	1	0	0	0	1	0	0	0	0	
1.095	1	1	0	1	0	0	1	0	0	0	1	0	0	0	0	
1.1	1	1	0	1	0	0	1	0	0	0	1	0	0	0	0	
1.105	1	1	0	1	0	0	1	0	0	0	1	0	0	0	0	
1.11	1	1	0	1	0	0	1	0	0	0	1	0	0	0	0	
1.115	1	1	0	1	0	0	1	0	0	0	1	0	0	0	0	
1.12	1	1	0	1	0	0	1	0	0	0	1	0	0	0	0	
1.125	1	1	0	1	0	0	1	0	0	0	1	0	0	0	0	
1.13	1	1	0	1	0	0	1	0	0	0	1	0	0	0	0	
1.135	1	1	0	1	0	0	1	0	0	0	1	0	0	0	0	
1.14	1	1	0	1	0	0	1	0	0	0	1	0	0	0	0	
1.145	1	1	0	1	0	0	1	0	0	0	1	0	0	0	0	
1.15	1	1	0	1	0	0	1	0	0	0	1	0	0	0	0	
1.155	1	1	0	1	0	0	1	0	0	0	1	0	0	0	0	
1.16	1	1	0	1	0	0	1	0	0	0	1	0	0	0	0	
1.165	1	1	0	1	0	0	1	0	0	0	1	0	0	0	0	
1.17	1	1	0	1	0	0	1	0	0	0	1	0	0	0	0	
1.175	1	1	0	1	0	0	1	0	0	0	1	0	0	0	0	
1.18	1	1	0	1	0	0	1	0	0	0	1	0	0	0	0	
1.185	1	1	0	1	0	0	1	0	0	0	1	0	0	0	0	
1.19	1	1	0	1	0	0	1	0	0	0	1	0	0	0	0	
1.195	1	1	0	1	0	0	1	0	0	0	1	0	0	0	0	
1.2	1	1	0	1	0	0	1	0	0	0	1	0	0	0	0	
1.205	1	1	0	1	0	0	1	0	0	0	1	0	0	0	0	
1.21	1	1	0	1	0	0	1	0	0	0	1	0	0	0	0	
1.215	1	1	0	1	0	0	1	0	0	0	1	0	0	0	0	
1.22	1	1	0	1	0	0	1	0	0	0	1	0	0	0	0	
1.225	1	1	0	1	0	0	1	0	0	0	1	0	0	0	0	
1.23	1	1	0	1	0	0	1	0	0	0	1	0	0	0	0	
1.235	1	1	0	1	0	0	1	0	0	0	1	0	0	0	0	
1.24	1	1	0	1	0	0	1	0	0	0	1	0	0	0	0	
1.245	1	1	0	1	0	0	1	0	0	0	1	0	0	0	0	
1.25	1	1	0	1	0	0	1	0	0	0	1	0	0	0	0	
1.255	1	1	0	1	0	0	1	0	0	0	1	0	0	0	0	
1.26	1	1	0	1	0	0	1	0	0	0	1	0	0	0	0	
1.265	1	1	0	1	0	0	1	0	0	0	1	0	0	0	0	
1.27	1	1	0	1	0	0	1	0	0	0	1	0	0	0	0	
1.275	1	1	0	1	0	0	1	0	0	0	1	0	0	0	0	
1.28	1	1	0	1	0	0	1	0	0	0	1	0	0	0	0	
1.285	1	1	0	1	0	0	1	0	0	0	1	0	0	0	0	
1.29	1	1	0	1	0	0	1	0	0	0	1	0	0	0	0	
1.295	1	1	0	1	0	0	1	0	0	0	1	0	0	0	0	
1.3	1	1	0	1	0	0	1	0	0	0	1	0	0	0	0	
1.305	1	1	0	1	0	0	1	0	0	0	1	0	0	0	0	
1.31	1	1	0	1	0	0	1	0	0	0	1	0	0	0	0	
1.315	1	1	0	1	0	0	1	0	0	0	1	0	0	0	0	
1.32	1	1	0	1	0	0	1	0	0	0	1	0	0	0	0	
1.325	1	1	0	1	0	0	1	0	0	0	1	0	0	0	0	
1.33	1	1	0	1	0	0	1	0	0	0	1	0	0	0	0	
1.335	1	1	0	1	0	0	1	0	0	0	1	0	0	0	0	
1.34	1	1	0	1	0	0	1	0	0	0	1	0	0	0	0	
1.345	1	1	0	1	0	0	1	0	0	0	1	0	0	0	0	
1.35	1	1	0	1	0	0	1	0	0	0	1	0	0	0	0	
1.355	1	1	0	1	0	0	1	0	0	0	1	0	0	0	0	
1.36	1	1	0	1	0	0	1	0	0	0	1	0	0	0	0	
1.365	1	1	0	1	0	0	1	0	0	0	1	0	0	0	0	
1.37	1	1	0	1	0	0	1	0	0	0	1	0	0	0	0	
1.375	1	1	0	1	0	0	1	0	0	0	1	0	0	0	0	
1.38	1	1	0	1	0	0	1	0	0	0	1	0	0	0	0	
1.385	1	1	0	1	0	0	1	0	0	0	1	0	0	0	0	
1.39	1	1	0	1	0	0	1	0	0	0	1	0	0	0	0	
1.395	1	1	0	1	0	0	1	0	0	0	1	0	0	0	0	
1.4	1	1	0	1	0	0	1	0	0	0	1	0	0	0	0	
1.405	1	1	0	1	0	0	1	0	0	0	1	0	0	0	0	
1.41	1	1	0	1	0	0	1	0	0	0	1	0	0	0	0	
1.415	1	1	0	1	0	0	1	0	0	0	1	0	0	0	0	
1.42	1	1	0	1	0	0	1	0	0	0	1	0	0	0	0	
1.425	1	1	0	1	0	0	1	0	0	0	1	0	0	0	0	
1.43	1	1	0	1	0	0	1	0	0	0	1	0	0	0	0	
1.435	1	1	0	1	0	0	1	0	0	0	1	0	0	0	0	
1.44	1	1	0	1	0	0	1	0	0	0	1	0	0	0	0	
1.445	1	1	0	1	0	0	1	0	0	0	1	0	0	0	0	
1.45	1	1	0	1	0	0	1	0	0	0	1	0	0	0	0	
1.455	1	1	0	1	0	0	1	0	0	0	1	0	0	0	0	
1.46	1	1	0	1	0	0	1	0	0	0	1	0	0	0	0	
1.465	1	1	0	1	0	0	1	0	0	0	1	0	0	0	0	
1.47	1	1	0	1	0	0	1	0	0	0	1	0	0	0	0	
1.475	1	1	0	1	0	0	1	0	0	0	1	0	0	0	0	
1.48	1	1	0	1	0	0	1	0	0	0	1	0	0	0	0	
1.485	1	1	0	1	0	0	1	0	0	0	1	0	0	0	0	
1.49	1	1	0	1	0	0	1	0	0	0	1	0	0	0	0	
1.495	1	1	0	1	0	0	1	0	0	0	1	0	0	0	0	
1.5	1	1	0	1	0	0	1	0	0	0	1	0	0	0	0	
